0
0
203
0
0
0
0
240
0
0
270
0
246
0
226
0
0
0
237
0
0
0
232
0
0
0
0
0
0
0
0
201
0
204
0
268
0
0
0
0
0
0
0
266
0
0
279
0
234
0
0
0
269
0
248
284
0
230
234
0
231
0
0
0
0
197
250
0
0
233
0
233
0
0
0
221
0
202
227
0
0
0
0
0
0
0
209
279
168
0
261
0
0
202
238
0
0
0
0
235
0
0
0
0
220
0
0
0
0
0
288
0
0
274
0
239
0
0
0
0
0
247
284
0
0
260
284
0
0
0
0
0
228
223
0
0
0
0
0
0
216
0
217
229
0
216
237
234
0
247
0
0
0
0
0
226
0
0
224
0
0
228
0
0
203
191
0
218
0
0
0
0
0
252
0
280
242
291
0
0
225
0
0
201
0
0
0
0
0
0
0
0
0
0
222
0
0
0
233
0
212
274
210
0
0
0
0
198
203
0
0
0
0
0
0
0
232
0
0
0
0
0
242
0
0
0
0
228
0
0
0
0
0
0
0
0
269
243
213
0
0
0
0
0
0
0
0
0
0
213
217
187
0
264
242
0
0
0
0
0
0
191
0
250
256
309
248
0
281
246
0
0
0
0
294
251
257
198
0
0
0
0
276
266
0
0
0
0
0
0
0
0
0
0
0
0
0
0
0
239
0
0
211
0
248
0
0
0
0
283
280
218
0
0
247
0
0
0
0
0
0
265
0
253
0
0
0
0
0
0
0
0
0
0
0
0
265
197
0
0
0
227
179
0
0
0
0
0
0
0
241
0
0
0
0
224
0
0
189
251
242
0
0
0
0
0
240
0
0
0
208
280
0
0
246
0
0
0
0
0
237
0
0
231
0
0
0
0
182
0
0
239
0
0
0
0
0
239
0
0
0
0
0
206
0
0
0
255
215
244
0
0
194
0
187
252
0
0
247
0
212
238
0
0
0
0
0
0
0
275
261
229
0
0
205
251
0
0
0
271
0
0
225
190
0
0
0
260
0
0
0
0
302
0
0
211
253
0
0
0
0
0
0
0
213
0
206
0
0
0
0
0
0
251
0
0
0
0
265
0
0
244
0
215
0
0
0
0
221
250
247
213
0
0
198
0
0
0
0
0
0
0
240
237
0
0
303
0
228
0
215
0
0
0
0
0
0
0
0
0
0
0
273
249
264
0
229
267
200
0
0
0
0
0
256
0
0
0
0
261
0
251
0
0
0
0
0
0
229
218
205
0
222
177
224
222
248
0
0
0
0
0
0
0
0
225
245
0
0
290
0
0
0
0
0
0
0
0
0
0
0
0
227
257
0
0
0
0
0
0
275
0
0
0
0
0
184
0
0
0
0
0
0
175
0
226
0
221
0
241
0
223
0
0
0
0
0
0
0
187
0
0
0
0
0
0
217
0
0
255
0
0
227
243
272
0
229
0
0
0
247
0
0
276
0
233
0
0
209
0
0
0
0
274
0
0
204
0
0
222
0
258
0
0
0
210
0
0
0
0
0
0
243
204
0
249
0
277
234
0
0
249
0
0
0
0
0
0
0
0
0
0
194
0
0
0
238
230
219
0
0
0
216
0
0
0
0
0
274
0
0
0
0
0
217
271
271
214
0
0
0
0
0
0
0
0
210
0
194
243
0
0
0
0
0
0
251
0
253
229
0
0
0
230
209
0
0
265
0
0
220
247
0
253
280
264
0
210
203
0
0
0
0
255
0
0
194
200
0
230
0
249
0
0
0
0
251
206
0
0
200
243
0
241
0
0
0
0
0
213
272
0
0
0
0
0
0
269
0
0
226
0
215
0
277
0
226
183
0
0
0
235
286
0
0
0
219
0
0
244
225
0
0
0
0
0
0
218
0
0
242
0
0
0
0
0
0
0
232
0
0
0
0
196
0
264
0
0
232
288
281
0
193
0
0
0
248
0
0
234
0
247
245
0
0
266
223
0
258
0
256
0
0
226
235
211
245
0
0
0
241
0
266
215
243
0
0
0
0
0
0
0
218
0
0
0
0
0
0
0
237
226
0
0
0
0
0
0
0
206
0
0
256
0
0
0
247
282
0
0
0
0
0
0
0
0
0
243
222
0
0
218
0
0
0
231
0
275
283
0
221
270
0
0
0
0
0
211
0
0
260
195
0
0
237
0
0
236
0
0
0
245
220
0
233
0
0
223
0
0
0
0
239
196
0
0
0
0
0
0
0
193
0
0
0
0
0
0
0
0
0
0
250
235
267
200
0
0
216
0
