213
182
232
0
238
0
0
262
0
189
299
208
283
0
234
0
0
0
256
233
0
210
249
0
0
0
230
0
177
209
224
225
0
229
0
282
0
0
229
0
0
0
0
288
210
229
297
245
277
212
235
0
286
221
275
302
0
276
267
0
251
0
0
220
227
231
264
225
0
222
0
244
0
0
235
260
226
238
258
0
183
0
192
209
198
0
241
295
218
0
271
216
0
222
252
0
0
0
0
247
0
0
0
254
257
0
0
210
209
0
298
259
0
263
0
256
234
222
242
0
270
263
314
0
202
279
282
0
0
0
0
245
254
232
204
220
0
0
0
251
228
0
243
258
0
250
257
261
0
279
0
0
0
0
0
235
0
232
242
204
0
257
0
275
252
196
238
254
0
0
0
0
0
278
226
263
270
305
0
179
232
216
194
250
0
0
0
0
0
0
219
224
0
0
255
0
252
0
255
0
265
303
245
0
0
0
243
223
223
0
0
0
212
202
252
0
245
216
223
0
216
216
256
0
0
0
0
265
0
0
209
0
0
0
225
0
287
253
236
0
235
0
203
0
234
0
0
0
0
247
219
242
0
287
240
244
0
219
258
215
198
227
0
267
285
312
258
214
295
265
0
212
0
0
311
266
266
279
221
0
0
221
303
249
0
0
217
0
227
0
253
0
182
0
253
0
0
194
231
260
0
0
238
0
272
0
205
0
210
319
304
248
0
221
277
0
0
225
0
0
0
311
0
261
231
0
200
0
177
219
246
0
0
0
0
228
273
219
202
256
215
252
261
0
0
258
0
238
0
0
267
0
203
0
234
268
0
192
237
276
271
191
0
221
172
219
275
235
0
0
242
302
0
0
273
0
0
196
237
223
258
230
211
264
222
200
0
218
253
0
0
279
211
0
248
0
213
270
0
0
0
0
0
233
0
248
0
269
244
250
0
0
269
0
235
265
0
210
268
0
235
282
0
185
251
0
0
0
271
294
283
262
249
0
248
267
246
0
0
290
0
0
255
253
232
176
0
280
0
0
204
0
317
0
271
243
286
229
198
212
0
243
0
0
245
0
242
0
230
0
0
0
0
273
0
0
0
0
258
243
245
255
0
251
0
0
189
221
237
273
274
244
0
0
230
0
215
0
204
0
0
198
255
265
0
0
314
0
256
0
257
0
0
0
237
0
0
0
0
0
0
0
292
274
295
0
250
292
255
0
241
0
0
0
271
209
0
0
0
288
0
277
245
227
0
0
199
201
238
234
247
0
263
225
250
252
235
0
0
181
171
199
0
0
0
267
266
217
0
301
0
0
232
0
252
0
210
265
220
0
238
0
250
282
0
190
0
0
0
0
281
0
0
0
0
0
245
0
0
216
0
0
0
260
231
270
229
251
0
264
231
245
220
0
267
0
0
0
218
247
245
0
0
232
226
0
261
0
0
285
0
214
247
268
285
0
259
0
251
0
279
0
0
298
0
267
0
151
255
0
201
241
0
292
0
0
250
15
0
248
0
276
0
0
0
237
0
223
0
0
0
0
277
231
0
268
211
304
239
249
0
275
0
0
0
216
0
0
0
252
0
0
235
236
242
0
218
249
238
0
0
0
234
0
261
191
215
212
281
259
0
0
200
242
252
266
285
255
0
0
0
227
239
210
229
0
249
0
208
264
0
0
0
231
0
261
274
0
270
270
0
0
0
263
250
0
0
260
0
0
242
279
0
263
304
286
245
256
241
246
250
199
203
283
228
254
254
218
0
250
0
286
0
221
242
0
272
245
0
0
240
245
0
265
0
0
0
0
0
239
258
0
203
0
0
196
0
290
228
0
227
0
281
0
299
0
249
198
195
248
239
260
302
0
201
199
240
258
204
264
266
277
192
0
0
0
208
254
0
0
262
204
249
0
229
183
0
0
253
243
0
0
0
247
0
270
169
0
240
312
292
248
226
0
0
0
275
0
208
237
0
269
261
0
0
291
245
231
279
0
280
0
0
277
272
238
272
0
0
0
262
0
283
259
267
203
0
0
220
0
0
0
244
193
0
207
211
0
0
205
277
320
0
0
0
0
0
0
201
234
242
0
262
229
206
0
286
293
220
231
0
0
192
223
245
0
0
261
260
200
0
253
241
0
0
249
0
289
287
0
257
285
0
0
203
219
199
254
0
0
292
243
0
194
258
0
0
264
0
0
0
268
246
181
245
202
0
253
0
0
204
217
254
208
0
0
0
0
254
215
0
238
0
176
224
228
0
0
223
0
0
234
278
253
291
229
223
0
250
242
