29
0
0
0
0
0
0
0
0
0
0
0
48
0
0
0
0
43
0
0
0
55
0
0
0
0
0
49
0
0
0
0
0
0
48
0
0
0
0
0
58
0
0
53
0
0
0
0
0
0
0
0
0
55
0
48
0
0
57
0
0
0
0
0
0
0
0
52
0
0
0
0
0
40
0
51
0
0
0
51
0
47
0
0
0
0
0
0
0
0
0
0
44
0
0
0
0
0
0
0
13
0
0
0
0
0
0
0
0
0
0
0
50
0
57
15
0
0
39
0
0
0
0
0
0
0
39
0
0
0
41
60
0
0
0
50
0
0
0
0
0
0
38
0
42
0
0
41
0
18
0
0
0
0
0
0
0
49
48
0
0
0
38
0
0
0
0
0
0
0
0
0
0
0
0
0
23
0
0
0
0
0
0
0
0
0
0
56
0
0
0
0
0
0
0
55
62
0
51
0
0
0
0
0
0
0
0
0
0
57
0
0
0
0
0
0
0
0
0
46
0
0
0
0
0
0
0
0
42
0
37
0
23
0
0
0
0
0
0
0
0
0
0
0
0
0
0
0
0
0
0
0
0
0
0
0
0
0
0
0
0
0
0
0
41
0
0
47
0
0
0
0
0
0
0
53
0
0
0
18
0
0
0
0
0
0
0
49
0
0
36
0
0
62
47
0
0
40
67
0
0
47
0
0
0
0
0
0
44
0
42
37
0
0
0
0
0
0
0
0
0
0
0
26
0
0
0
0
0
0
0
35
0
0
0
0
0
0
0
0
0
0
0
0
57
0
0
0
0
0
49
0
0
0
0
0
0
0
0
0
36
0
0
0
0
0
0
0
47
0
0
0
0
0
38
0
0
0
0
0
70
0
0
0
0
31
0
0
0
18
0
0
0
0
0
49
26
0
0
0
0
0
0
0
0
0
59
0
0
0
0
51
0
0
0
0
0
0
44
0
0
0
0
50
0
0
0
39
0
57
0
0
0
0
0
0
0
0
51
0
0
0
0
0
0
47
0
47
0
0
0
0
47
0
44
38
0
0
0
0
0
0
0
45
61
0
0
0
27
46
0
52
0
0
0
0
0
47
0
0
0
61
51
0
0
0
0
0
0
56
0
59
0
0
48
0
0
0
0
0
50
30
48
57
0
0
0
0
0
0
0
51
0
0
0
0
0
25
0
0
38
0
0
0
0
48
0
52
0
0
0
36
0
0
0
0
60
0
0
0
0
0
0
0
0
0
0
0
0
0
0
0
55
52
0
0
0
45
0
0
0
0
0
0
0
0
0
0
0
42
0
0
0
0
52
0
0
0
0
0
0
52
0
0
0
0
0
0
0
0
0
0
0
0
39
0
0
0
0
0
0
0
0
58
65
57
52
0
0
0
0
0
0
0
0
0
0
0
0
0
0
50
0
0
0
0
0
0
0
0
57
0
0
0
48
0
0
0
0
0
0
0
0
0
0
0
0
0
48
0
0
0
0
0
0
0
0
0
43
0
0
0
0
0
0
0
0
0
0
0
0
0
0
0
45
0
0
0
0
0
0
0
0
0
0
0
0
0
46
0
0
0
55
0
46
0
0
41
38
0
0
38
53
58
46
0
0
0
0
46
53
0
0
0
0
0
0
50
0
0
0
0
0
0
0
0
0
0
0
0
0
0
0
57
0
0
0
0
0
0
0
46
54
55
0
36
0
0
0
0
0
0
0
0
0
0
34
0
0
59
0
0
34
0
0
0
0
0
48
0
0
45
0
0
53
0
0
0
0
0
0
44
0
22
0
0
0
0
0
0
0
0
0
0
0
0
0
0
0
0
0
0
0
0
0
0
0
40
44
0
0
0
0
0
0
0
0
0
0
0
0
0
0
32
0
0
0
49
0
0
0
0
0
0
0
0
0
0
0
41
0
0
0
0
53
0
0
0
0
0
0
0
36
0
0
0
47
0
52
0
0
0
0
0
38
0
0
0
0
0
0
0
0
0
0
0
0
58
0
0
0
0
0
56
0
0
0
0
45
0
0
40
0
0
46
0
0
66
0
0
0
0
0
0
0
0
55
0
0
0
0
0
0
0
0
0
0
53
48
0
0
0
0
0
0
46
48
0
0
44
0
0
0
0
0
48
0
0
0
0
0
0
0
81
40
0
0
0
0
0
0
0
0
0
57
0
0
0
0
0
0
0
0
0
0
0
0
0
0
0
41
0
57
0
0
0
0
0
0
0
0
38
0
0
51
0
32
0
0
0
0
0
0
0
55
0
0
0
0
0
