1270
1230
1293
1253
1345
1229
1272
1299
1375
1290
1331
1271
1305
1347
1311
1254
1280
1236
1245
1321
1304
1332
1259
1297
1322
1319
1302
1328
1309
1260
1295
1321
1216
1238
1281
1282
1311
1306
1257
1314
1361
1296
1321
1361
1297
1338
1223
1295
1290
1307
1327
1328
1254
1282
1325
1310
1267
1330
1296
1314
1351
1303
1266
1301
1293
1294
1331
1284
1233
1328
1291
1272
1258
1296
1283
1305
1246
1329
1280
1228
1336
1285
1330
1327
1275
1304
1374
1297
1289
1276
1242
1217
1304
1354
1326
1381
1361
1278
1256
1273
