49
0
57
0
50
0
0
48
0
0
0
53
59
0
0
0
0
0
0
0
0
0
0
0
54
0
0
0
0
0
0
48
39
0
59
0
0
0
0
51
0
0
0
0
0
56
66
0
0
0
0
0
52
0
0
0
0
0
51
47
0
0
43
0
0
49
0
0
0
0
0
0
65
0
48
0
65
0
0
51
0
62
46
63
0
50
0
0
52
54
0
0
0
0
0
0
0
0
0
0
0
0
0
0
0
0
0
0
0
0
0
0
48
0
50
0
0
0
0
58
0
0
0
0
0
0
0
0
0
0
0
0
0
50
0
0
0
58
0
0
49
0
0
0
0
63
0
0
0
50
59
0
0
0
0
0
0
0
55
0
0
0
0
0
0
0
0
0
0
51
0
56
0
0
0
0
53
0
0
0
0
0
0
0
0
0
0
0
49
0
0
58
0
55
0
0
0
0
0
0
0
49
0
0
0
0
53
59
58
0
0
0
54
0
0
0
0
0
0
0
0
51
0
0
0
0
0
0
0
0
0
0
0
0
52
54
0
0
0
56
0
0
0
0
54
0
0
0
49
50
0
0
53
59
0
0
0
16
0
49
0
0
0
0
0
0
60
0
0
0
48
0
0
57
0
0
53
0
0
57
0
0
0
0
0
0
0
48
0
51
0
0
0
0
0
0
0
0
52
0
0
62
48
0
0
0
0
0
0
0
0
0
0
0
0
0
0
0
0
0
0
0
54
0
0
0
0
0
0
49
0
0
0
0
62
0
0
0
0
0
0
0
48
0
0
0
0
53
0
0
0
0
0
3
0
0
0
0
0
0
55
0
0
0
57
59
44
0
0
0
0
0
0
0
0
0
0
0
0
61
0
0
46
0
0
0
0
0
0
0
0
0
0
0
0
58
0
0
0
0
0
0
0
0
53
52
0
0
0
0
46
0
58
0
44
53
45
0
57
0
0
0
0
54
0
0
50
0
0
0
0
45
53
45
0
0
0
46
0
0
55
56
0
0
0
0
0
0
0
61
0
0
0
0
0
0
0
0
64
0
0
0
0
0
0
41
0
0
0
0
0
0
0
0
0
63
43
49
52
0
57
0
50
47
0
56
0
0
0
55
0
0
0
0
0
56
0
52
0
0
0
0
0
0
52
0
0
0
0
0
0
0
0
0
0
0
0
58
0
0
0
0
0
0
0
0
50
0
57
61
0
0
0
51
0
50
0
48
0
0
0
0
0
0
0
0
0
0
0
0
53
0
0
56
0
0
0
57
0
60
0
47
0
0
49
0
0
0
0
0
0
0
0
0
0
0
0
0
0
0
0
49
51
0
0
53
0
0
50
0
0
0
0
0
63
49
0
0
0
0
0
0
0
0
0
0
0
0
0
50
0
0
0
0
0
0
59
48
0
0
0
51
56
54
0
0
0
0
0
0
0
0
0
0
50
0
0
53
0
54
0
0
0
48
0
50
0
65
0
0
0
52
53
0
45
52
0
68
0
0
0
53
0
66
0
59
0
0
0
0
0
0
0
0
55
0
0
0
0
54
0
0
0
52
0
0
0
0
0
0
0
0
0
0
0
0
59
0
0
0
0
0
0
0
0
0
0
0
49
0
50
0
0
0
59
0
0
0
0
0
51
0
49
0
0
0
0
0
0
0
0
0
45
45
0
0
45
0
0
0
48
0
51
58
0
0
63
0
0
0
0
0
0
57
0
0
58
62
0
0
0
0
61
0
56
0
0
53
0
0
0
0
0
0
0
0
0
0
52
0
0
0
53
0
0
46
0
0
0
0
56
0
0
0
0
44
46
0
0
50
0
0
0
0
0
52
45
0
0
0
0
0
0
49
54
50
0
62
0
0
0
51
0
65
0
53
0
0
0
61
58
0
0
0
0
0
0
0
0
0
0
0
1
0
0
45
0
53
0
0
0
0
52
56
0
58
0
0
0
0
0
0
0
0
54
0
0
0
0
52
49
0
0
0
0
0
0
0
44
0
0
0
0
0
0
0
0
0
0
0
0
0
58
1
54
49
0
68
0
53
0
0
0
0
54
42
0
0
0
0
0
0
0
0
0
0
58
52
0
0
0
0
0
0
63
0
0
0
0
49
0
48
0
50
0
0
0
0
55
0
0
0
0
0
0
0
55
0
0
56
59
0
0
0
0
47
0
0
0
0
0
0
0
0
50
0
53
0
0
0
0
0
58
0
51
0
0
54
0
0
0
0
62
0
0
0
59
49
0
0
0
0
0
0
0
0
0
0
0
0
