0
0
0
0
46
0
0
0
0
0
0
52
54
0
0
0
0
0
0
0
0
0
0
0
51
0
0
0
0
0
0
0
0
0
0
0
0
0
0
48
0
0
0
0
0
0
59
0
0
0
0
0
49
0
0
0
0
0
51
47
0
0
0
0
0
0
0
0
0
0
0
0
63
0
0
0
63
0
0
49
0
58
17
61
0
0
0
0
49
52
0
0
0
0
0
0
0
0
0
0
0
0
0
0
0
0
0
0
0
0
0
0
0
0
0
0
0
0
0
54
0
0
0
0
0
0
0
0
0
0
0
0
0
48
0
0
0
53
0
0
44
0
0
0
0
0
0
0
0
0
0
0
0
0
0
0
0
0
0
0
0
0
0
0
0
0
0
0
0
49
0
0
0
0
0
0
51
0
0
0
0
0
0
0
0
0
0
0
46
0
0
0
0
54
0
0
0
0
0
0
0
0
0
0
0
0
52
58
0
0
0
0
0
0
0
0
0
0
0
0
0
0
0
0
0
0
0
0
0
0
0
0
0
0
47
52
0
0
0
0
0
0
0
0
0
0
0
0
49
48
0
0
0
56
0
0
0
0
0
23
0
0
0
0
0
0
58
0
0
0
0
0
0
0
0
0
50
0
0
51
0
0
0
0
0
0
0
45
0
0
0
0
0
0
0
0
0
0
50
0
0
56
0
0
0
0
0
0
0
0
0
0
0
0
0
0
0
0
0
0
0
0
0
0
0
0
0
0
0
0
0
0
0
0
58
0
0
0
0
0
0
0
0
0
0
0
0
52
0
0
0
0
0
0
0
0
0
0
0
0
0
0
0
0
52
0
0
0
0
0
0
0
0
0
0
0
0
0
0
0
0
0
45
0
0
0
0
0
0
0
0
0
0
0
0
52
0
0
0
0
0
0
0
0
0
51
0
0
0
0
0
0
0
0
0
51
0
0
54
0
0
0
0
51
0
0
0
0
0
0
0
43
50
0
0
0
0
43
0
0
50
53
0
0
0
0
0
0
0
0
0
0
0
0
0
0
0
0
61
0
0
0
0
0
0
0
0
0
0
0
0
0
0
0
0
57
40
46
45
0
0
0
0
45
0
53
0
0
0
0
0
0
0
0
0
55
0
48
0
0
0
0
0
0
49
0
0
0
0
0
0
0
0
0
0
0
0
54
0
0
0
0
0
0
0
0
0
0
0
59
0
0
0
49
0
0
0
0
0
0
0
0
0
0
0
0
0
0
0
0
47
0
0
0
0
0
0
55
0
54
0
0
0
0
0
0
0
0
0
0
0
0
0
0
0
0
0
0
0
0
0
0
50
0
0
0
0
0
0
0
0
0
0
0
60
48
0
0
0
0
0
0
0
0
0
0
0
0
0
47
0
0
0
0
0
0
0
0
0
0
0
47
0
53
0
0
0
0
0
0
0
0
0
0
47
0
0
0
0
52
0
0
0
0
0
5
0
62
0
0
0
11
51
0
44
0
0
64
0
0
0
0
0
64
0
56
0
0
0
0
0
0
0
0
52
0
0
0
0
0
0
0
0
0
0
0
0
0
0
0
0
0
0
0
0
0
57
0
0
0
0
0
0
0
0
0
0
0
43
0
0
0
0
0
54
0
0
0
0
0
0
0
46
0
0
0
0
0
0
0
0
0
0
0
0
0
41
0
0
0
0
0
0
55
0
0
61
0
0
0
0
0
0
0
0
0
0
0
0
0
0
0
58
0
53
0
0
52
0
0
0
0
0
0
0
0
0
0
49
0
0
0
0
0
0
0
0
0
0
0
52
0
0
0
0
0
0
0
0
46
0
0
0
0
0
50
0
0
0
0
0
0
0
47
51
0
0
59
0
0
0
0
0
64
0
0
0
0
0
59
53
0
0
0
0
0
0
0
0
0
0
0
0
0
0
0
0
0
0
0
0
0
0
56
0
54
0
0
0
0
0
0
0
0
50
0
0
0
0
0
0
0
0
0
0
0
0
0
42
0
0
0
0
0
0
0
0
0
0
0
0
0
0
0
50
0
0
66
0
50
0
0
0
0
0
0
0
0
0
0
0
0
0
0
0
0
54
0
0
0
0
0
0
0
59
0
0
0
0
47
0
46
0
0
0
0
0
0
52
0
0
0
0
0
0
0
0
0
0
54
57
0
0
0
0
0
0
0
0
0
0
0
0
0
49
0
0
0
0
0
0
0
0
0
49
0
0
0
0
0
0
0
61
0
0
0
0
47
0
0
0
0
0
0
0
0
0
0
0
0
