49
0
65
0
46
0
0
39
54
50
0
0
60
58
0
0
0
45
56
0
0
52
29
0
0
61
0
0
41
47
63
35
0
47
61
0
57
0
63
54
0
0
0
53
44
0
0
52
0
0
0
0
0
47
0
57
65
0
0
0
0
0
58
58
0
47
51
0
0
46
56
55
35
0
57
58
0
55
0
0
51
0
54
0
49
57
57
0
54
50
56
0
0
62
62
48
49
0
0
0
43
48
0
0
45
0
52
52
49
65
0
0
0
0
43
0
0
76
41
59
0
0
49
53
65
0
56
0
51
59
0
54
54
57
0
47
41
46
51
0
0
54
63
53
58
63
50
0
0
0
58
0
57
0
0
50
0
0
0
43
0
0
0
57
0
0
57
47
59
0
0
64
54
64
0
0
67
60
50
58
0
50
0
54
51
0
0
61
0
0
62
0
59
0
50
0
55
0
61
55
51
0
57
51
0
49
54
0
0
60
0
0
62
0
0
66
61
56
53
62
0
59
54
49
0
0
0
0
49
0
53
52
53
62
0
0
0
0
0
0
54
0
45
52
0
0
0
0
67
47
0
0
49
59
55
55
62
0
53
51
0
65
0
34
52
0
50
52
0
0
58
0
53
73
75
0
68
64
0
47
0
0
63
0
0
0
61
55
0
56
58
60
53
54
50
0
0
0
0
0
