0
0
0
0
0
0
0
0
0
50
0
53
0
0
55
0
0
0
0
0
0
0
0
0
55
0
0
0
45
0
0
0
44
0
0
0
0
0
55
0
51
14
0
0
0
0
0
0
0
48
0
0
0
0
0
0
0
0
0
54
0
0
0
0
0
0
0
0
0
0
0
0
0
0
60
0
0
0
0
0
0
0
0
0
54
66
0
0
0
0
0
45
0
0
0
0
0
0
0
39
0
0
0
0
0
0
0
0
0
0
0
0
0
0
55
49
0
0
0
0
0
0
0
0
0
0
0
0
0
0
0
44
0
57
0
56
46
0
59
0
49
0
0
0
56
55
0
0
49
0
0
0
0
0
0
52
49
0
51
0
0
51
0
0
53
55
51
0
0
55
50
0
0
0
0
40
0
0
0
0
0
0
55
0
0
0
51
0
0
0
0
51
0
0
0
0
56
0
0
0
0
0
0
0
50
0
0
0
0
0
0
0
0
0
0
0
0
51
0
0
0
0
0
0
0
0
0
0
0
0
0
0
0
43
51
54
0
0
0
0
0
0
0
0
0
0
44
0
0
0
53
0
0
0
51
0
0
48
0
0
0
0
0
46
0
0
0
0
0
47
0
0
60
0
0
52
0
0
0
0
0
50
0
0
0
47
0
0
0
0
0
56
0
0
53
0
0
0
0
53
0
0
0
0
61
0
0
14
0
59
0
53
0
0
0
0
19
0
0
0
0
0
0
0
0
0
0
48
0
0
0
0
0
0
55
0
0
0
0
0
0
0
52
0
0
0
0
0
0
0
51
0
0
48
0
0
0
0
54
0
0
41
0
0
0
0
0
0
0
0
45
0
0
0
51
0
0
0
43
0
0
0
0
0
0
0
0
0
50
0
0
0
0
0
0
0
0
0
0
0
0
0
0
0
0
0
0
0
0
0
0
0
0
0
0
0
0
0
0
0
0
0
50
0
0
52
0
0
0
0
47
0
0
0
0
0
0
0
0
50
0
49
0
0
54
50
46
0
0
0
0
0
0
0
0
0
0
0
61
0
0
0
0
0
54
0
0
0
0
0
60
51
0
0
0
0
50
51
0
0
0
45
0
0
45
0
0
43
56
0
0
0
0
0
0
0
0
0
0
0
0
0
50
0
49
58
0
0
63
0
0
0
0
0
0
51
0
0
55
0
49
0
0
0
0
0
47
0
0
0
47
52
0
48
0
0
0
0
0
0
0
0
0
0
0
0
10
0
0
56
0
0
41
0
57
0
0
0
0
0
0
0
0
0
0
62
0
63
56
0
56
0
0
0
0
0
53
49
0
58
0
0
0
0
0
0
0
56
0
56
0
0
0
0
49
0
0
54
0
0
0
0
0
0
0
53
0
0
0
0
0
0
59
14
0
0
0
0
0
0
0
54
0
0
0
46
59
0
0
0
0
46
0
0
0
0
61
0
0
0
39
0
46
0
0
0
0
0
0
0
0
0
0
0
0
0
0
0
43
0
0
0
0
51
0
0
0
0
66
0
58
0
10
0
0
0
0
0
0
0
0
0
0
0
53
0
0
54
0
0
64
2
0
0
0
0
0
0
47
0
0
53
0
0
0
0
0
49
54
0
0
0
0
0
0
50
55
47
0
0
0
0
0
0
56
0
0
0
0
0
0
0
0
48
53
0
0
0
0
0
50
0
0
0
0
0
52
0
0
0
0
0
0
0
0
0
0
0
0
59
0
0
0
0
0
0
0
0
47
0
0
48
0
52
0
0
0
51
0
0
0
0
0
49
0
49
0
0
63
51
0
0
0
0
0
0
0
49
0
0
0
0
0
0
0
46
0
54
0
0
0
0
0
52
50
0
0
0
0
0
0
0
0
0
0
0
0
0
0
0
46
0
0
0
0
0
0
0
0
0
58
0
0
0
0
0
52
0
59
0
0
0
0
54
0
48
60
0
0
0
0
0
49
0
0
0
0
0
0
45
54
0
0
0
57
0
0
0
0
48
0
0
0
60
0
0
0
0
0
52
0
52
0
0
0
0
56
0
0
0
51
0
0
55
0
58
0
0
52
0
0
0
0
0
0
0
51
58
0
0
0
0
0
0
49
0
0
0
0
0
0
0
0
0
58
0
48
0
0
0
0
0
0
0
49
57
0
0
0
0
0
0
0
0
0
0
0
0
51
0
0
49
0
0
0
0
0
0
0
0
0
0
0
0
0
0
0
0
0
0
0
55
0
0
0
0
0
0
0
0
0
47
0
63
0
0
48
0
0
0
0
0
0
0
0
0
0
0
0
0
