53
49
72
64
60
0
60
49
60
55
57
0
73
66
66
49
0
48
60
52
57
59
49
64
63
68
0
0
56
60
65
55
0
55
68
0
65
49
70
60
48
68
59
55
55
51
65
61
0
0
59
0
52
51
40
61
68
0
0
0
47
64
63
60
53
58
53
0
53
52
67
60
57
0
64
60
0
60
62
0
59
55
61
0
56
63
59
60
59
54
62
59
66
68
64
66
55
0
65
57
48
53
56
56
54
0
57
62
54
70
0
0
0
58
53
0
52
79
54
67
0
41
56
65
74
31
60
0
59
71
0
61
59
63
45
60
52
55
59
0
60
59
67
59
69
71
55
0
0
56
64
0
65
0
0
59
0
67
51
48
51
52
75
65
0
50
63
52
66
49
0
71
61
70
0
52
72
69
53
68
0
59
53
62
61
53
46
68
0
0
67
0
62
60
60
0
58
56
70
57
60
49
61
59
52
57
59
0
66
66
34
0
66
0
0
70
67
64
56
73
52
63
64
53
0
0
56
0
55
0
55
58
65
65
0
0
62
54
57
0
59
0
62
62
47
0
55
0
74
50
0
55
54
62
57
64
66
55
60
58
55
71
58
48
60
59
51
56
59
0
68
0
60
73
61
0
79
74
53
56
0
0
68
0
0
0
65
61
0
64
63
64
64
65
58
0
0
67
0
70
