0
0
0
0
0
0
0
0
0
47
0
49
0
0
53
0
0
0
0
0
0
0
0
0
0
0
0
0
44
0
0
0
12
0
0
0
0
0
51
0
49
0
0
0
0
0
0
0
0
0
0
0
0
0
0
0
0
0
0
51
0
0
0
0
0
0
0
0
0
0
0
0
0
0
59
0
0
0
0
0
0
0
0
0
53
62
0
0
0
0
0
0
0
0
0
0
0
0
0
38
0
0
0
0
0
0
0
0
0
0
0
0
0
0
0
0
0
0
0
0
0
0
0
0
0
0
0
0
0
0
0
43
0
54
0
55
44
0
57
0
48
0
0
0
0
0
0
0
42
0
0
0
0
0
0
0
44
0
47
0
0
0
0
0
52
0
48
0
0
54
0
0
0
0
0
10
0
0
0
0
0
0
52
0
0
0
0
0
0
0
0
0
0
0
0
0
0
0
0
0
0
0
0
0
0
0
0
0
0
0
0
0
0
0
0
0
0
0
0
0
0
0
0
0
0
0
0
0
0
0
0
0
0
38
46
53
0
0
0
0
0
0
0
0
0
0
0
0
0
0
0
0
0
0
47
0
0
0
0
0
0
0
0
0
0
0
0
0
0
0
0
0
55
0
0
0
0
0
0
0
0
49
0
0
0
45
0
0
0
0
0
0
0
0
52
0
0
0
0
0
0
0
0
0
0
0
0
0
0
56
0
51
0
0
0
0
0
0
0
0
0
0
0
0
0
0
0
0
0
0
0
0
0
0
0
0
0
0
0
0
0
0
0
0
0
0
0
0
0
0
0
0
0
46
0
0
0
0
52
0
0
0
0
0
0
0
0
0
0
0
9
0
0
0
50
0
0
0
0
0
0
0
0
0
0
0
0
0
50
0
0
0
0
0
0
0
0
0
0
0
0
0
0
0
0
0
0
0
0
0
0
0
0
0
0
0
0
0
0
0
0
0
0
0
0
0
0
0
0
0
43
0
0
0
0
0
0
0
0
3
0
0
0
0
0
0
0
0
0
0
0
0
0
0
0
0
0
0
59
0
0
0
0
0
0
0
0
0
0
0
54
0
0
0
0
0
0
49
0
0
0
44
0
0
45
0
0
0
0
0
0
0
0
0
0
0
0
0
0
0
0
0
0
0
48
53
0
0
61
0
0
0
0
0
0
47
0
0
0
0
48
0
0
0
0
0
0
0
0
0
0
0
0
45
0
0
0
0
0
0
0
0
0
0
0
0
0
0
0
54
0
0
2
0
0
0
0
0
0
0
0
0
0
0
0
59
0
62
54
0
53
0
0
0
0
0
52
0
0
0
0
0
0
0
0
0
0
51
0
53
0
0
0
0
0
0
0
0
0
0
0
0
0
0
0
0
0
0
0
0
0
0
0
0
0
0
0
0
0
0
0
54
0
0
0
0
57
0
0
0
0
0
0
0
0
0
58
0
0
0
20
0
0
0
0
0
0
0
0
0
0
0
0
0
0
0
0
0
0
0
0
0
0
0
0
0
0
0
0
0
51
0
0
0
0
0
0
0
0
0
0
0
0
0
48
0
0
51
0
0
57
0
0
0
0
0
0
0
46
0
0
48
0
0
0
0
0
0
0
0
0
0
0
0
0
44
55
0
0
0
0
0
0
0
0
0
0
0
0
0
0
0
0
0
0
0
0
0
0
0
0
0
0
0
0
0
50
0
0
0
0
0
0
0
0
0
0
0
0
0
0
0
0
0
0
0
0
0
0
0
0
0
0
51
0
0
0
51
0
0
0
0
0
48
0
11
0
0
0
0
0
0
0
0
0
0
0
0
0
0
0
0
0
0
0
45
0
52
0
0
0
0
0
47
0
0
0
0
0
0
0
0
0
0
0
0
0
0
0
0
0
0
0
0
0
0
0
0
0
0
55
0
0
0
0
0
49
0
59
0
0
0
0
50
0
0
57
0
0
0
0
0
0
0
0
0
0
0
0
0
50
0
0
0
57
0
0
0
0
48
0
0
0
0
0
0
0
0
0
51
0
0
0
0
0
0
0
0
0
0
48
0
0
55
0
0
0
0
52
0
0
0
0
0
0
0
49
0
0
0
0
0
0
0
47
0
0
0
0
0
0
0
0
0
45
0
0
0
0
0
0
0
0
0
48
50
0
0
0
0
0
0
0
0
0
0
0
0
0
0
0
46
0
0
0
0
0
0
0
0
0
0
0
0
0
0
0
0
0
0
0
52
0
0
0
0
0
0
0
0
0
0
0
61
0
0
0
0
0
0
0
0
0
0
0
0
0
0
0
0
