1318
1327
1314
1316
1298
1276
1336
1285
1268
1321
1283
1319
1343
1320
1297
1252
1284
1320
1271
1264
1324
1312
1273
1321
1249
1321
1308
1288
1280
1301
1378
1297
1195
1275
1315
1300
1343
1312
1338
1264
1320
1338
1313
1298
1400
1257
1306
1274
1279
1256
1318
1308
1296
1298
1268
1284
1275
1247
1254
1247
1306
1284
1333
1293
1282
1351
1307
1264
1309
1285
1294
1306
1234
1273
1293
1331
1265
1271
1300
1229
1243
1349
1305
1337
1333
1270
1262
1308
1271
1280
1313
1285
1289
1282
1326
1281
1273
1306
1266
1358
