43
0
41
0
0
0
0
0
0
0
0
0
52
0
0
0
0
45
44
0
0
57
0
0
0
0
0
54
0
0
0
0
0
0
55
0
0
0
0
0
60
0
0
58
0
0
0
0
0
0
49
0
0
58
17
52
0
0
62
0
0
0
0
0
0
0
0
56
33
0
0
0
0
45
0
54
0
0
0
53
54
49
0
0
47
0
0
0
0
0
60
0
53
0
0
0
0
0
57
25
40
0
0
0
0
0
0
0
0
0
0
0
52
0
62
36
0
0
43
0
0
0
0
0
0
0
49
0
0
0
48
61
0
0
39
55
0
0
0
49
0
0
51
0
52
51
0
52
0
35
0
0
0
63
23
0
50
53
51
0
0
0
56
0
0
0
0
0
0
0
33
0
0
0
0
0
47
0
0
10
0
0
0
55
0
0
45
60
0
0
40
0
0
0
0
59
67
0
54
0
0
0
0
0
0
0
0
0
0
61
0
0
0
0
0
0
29
0
0
54
0
0
0
0
0
0
0
0
43
0
57
0
47
0
48
0
0
0
0
0
0
24
0
0
0
0
46
0
0
0
50
42
0
0
0
0
0
0
0
0
0
25
0
52
47
0
0
48
0
0
0
0
0
0
0
57
0
0
0
56
0
0
0
0
0
0
0
52
0
0
47
0
0
66
59
0
0
54
71
16
0
50
0
0
0
0
0
0
50
0
44
40
0
0
0
0
0
0
0
0
0
0
0
46
40
0
0
0
0
0
0
59
0
0
0
0
0
0
22
0
0
42
0
0
60
0
27
0
0
0
53
0
0
0
0
0
0
0
0
0
51
0
0
53
0
0
0
0
57
0
0
44
0
0
40
43
0
0
0
0
48
48
0
0
0
49
0
0
43
53
46
0
0
0
0
51
47
0
24
0
0
0
0
0
0
42
60
58
43
0
27
56
0
0
0
0
43
0
48
0
0
0
44
54
0
0
0
52
0
60
0
0
0
0
0
0
0
0
53
0
50
0
0
0
48
55
0
49
43
0
0
0
58
0
53
49
0
0
0
0
0
0
0
48
61
0
0
0
50
48
0
60
0
59
0
0
0
52
0
0
0
65
57
0
0
0
0
0
0
58
0
62
0
0
53
0
0
0
0
0
55
50
55
59
0
0
49
0
0
0
0
52
52
0
37
45
0
40
0
0
57
0
0
0
0
51
0
57
0
0
0
50
61
31
32
0
64
0
0
0
0
0
0
0
0
15
0
0
0
0
0
0
60
55
0
0
0
49
0
0
48
0
0
0
0
0
0
0
0
61
0
0
0
0
53
44
0
0
0
0
0
55
0
0
0
0
31
0
49
0
0
0
47
0
44
0
0
51
0
0
0
0
0
61
68
57
57
0
0
0
49
0
0
0
0
0
0
0
0
0
0
53
0
0
0
0
0
0
0
0
62
0
0
0
60
0
0
35
0
0
0
0
0
0
0
0
0
0
50
0
0
0
0
0
0
0
0
0
49
0
0
0
0
0
0
0
0
0
0
0
0
0
0
0
48
0
40
0
0
0
0
0
0
0
0
0
24
0
55
0
56
34
60
0
53
0
0
47
38
0
0
42
53
61
49
50
0
0
0
52
54
0
0
0
35
0
0
57
0
10
42
0
0
0
0
0
0
47
0
0
0
0
0
60
44
0
0
0
0
41
0
53
57
56
0
47
0
0
0
0
0
0
0
0
0
0
44
0
0
62
0
0
48
0
0
44
0
0
53
0
0
55
0
0
54
0
0
0
0
0
0
49
0
41
0
0
0
0
0
0
38
0
0
0
0
0
0
0
0
0
0
0
0
0
0
0
0
45
47
0
0
0
0
0
0
0
0
0
55
0
0
0
0
51
0
0
0
51
0
0
0
0
0
0
0
0
0
37
53
45
0
0
0
0
54
0
33
0
0
44
49
0
45
0
0
0
50
0
54
0
49
0
0
0
46
0
0
0
0
0
0
30
0
0
0
0
0
60
0
0
0
0
0
59
0
0
0
0
53
0
0
55
0
0
49
0
0
68
32
0
46
0
0
0
36
0
59
0
30
35
0
0
0
0
0
0
0
53
51
0
0
0
0
0
0
50
53
0
0
49
0
0
0
0
54
50
0
0
0
0
0
0
50
49
51
0
0
0
0
0
0
59
0
45
51
0
49
0
0
0
0
0
0
13
0
0
0
0
0
0
44
0
59
0
0
0
0
0
0
0
0
52
41
0
58
0
49
47
0
0
55
0
0
0
59
0
0
0
0
34
