0
58
0
57
0
49
57
0
53
0
61
0
55
58
0
55
61
51
61
57
49
56
0
59
0
0
54
59
0
0
56
57
55
55
0
0
0
0
60
0
64
51
0
51
56
54
0
0
54
51
58
56
0
0
57
0
64
54
0
53
57
0
62
0
57
45
60
0
0
0
61
0
47
0
0
58
52
0
65
0
0
53
0
48
0
0
0
0
0
0
69
0
50
58
62
41
56
0
67
47
53
52
55
48
48
68
53
0
55
0
0
0
46
0
53
0
0
0
56
0
50
51
53
59
0
0
46
0
57
0
50
52
53
0
64
0
0
53
71
0
0
0
56
0
0
0
48
57
0
0
51
48
56
58
51
62
53
0
49
0
49
55
0
0
53
51
52
0
54
0
62
0
0
0
53
53
0
51
62
0
0
57
0
68
0
0
0
0
43
0
49
47
0
0
57
72
0
48
58
58
58
0
52
49
54
0
53
55
0
45
54
0
64
0
0
53
0
66
0
46
51
0
64
0
57
60
0
0
31
0
0
67
0
0
55
0
0
59
0
78
0
0
54
0
53
0
56
55
0
59
53
66
55
53
0
55
61
0
59
0
61
0
57
0
59
0
52
0
0
0
0
0
0
0
0
0
50
0
0
0
0
50
69
58
65
0
0
0
0
52
0
52
0
56
0
0
0
58
54
57
