156
147
145
152
169
153
162
145
135
150
139
167
124
146
152
154
165
144
161
163
148
160
148
168
139
153
169
164
157
145
144
149
155
168
162
161
136
166
158
131
148
158
146
166
160
164
153
148
165
160
152
141
151
150
165
143
145
141
152
145
161
150
138
148
144
159
136
153
143
163
147
181
156
142
168
127
142
172
140
126
150
162
148
143
141
143
164
163
185
134
164
146
139
139
155
154
166
138
160
150
139
154
156
171
155
145
140
149
141
159
131
147
167
155
143
168
172
143
152
159
156
159
165
161
127
135
153
174
128
137
170
164
170
148
163
148
175
140
174
146
153
147
150
139
169
144
129
140
139
138
158
162
151
155
147
147
150
154
136
165
153
141
161
140
144
158
160
133
170
136
154
146
155
145
152
166
168
139
177
155
162
144
149
165
131
150
133
144
142
145
166
140
143
165
159
137
154
140
172
150
