127 73 
161 99 
175 111 
166 99 
143 98 
163 106 
165 99 
166 105 
135 88 
165 110 
141 79 
166 107 
135 89 
139 86 
143 89 
162 99 
150 97 
151 89 
117 78 
149 84 
146 94 
139 82 
167 101 
134 88 
152 98 
134 87 
153 96 
157 103 
157 109 
160 105 
152 95 
159 100 
140 89 
140 88 
156 102 
139 86 
166 101 
169 105 
156 99 
136 94 
133 87 
144 94 
162 119 
172 100 
155 98 
150 99 
162 111 
160 103 
162 113 
146 90 
168 107 
152 90 
155 99 
152 101 
166 113 
157 101 
147 88 
144 84 
156 96 
145 85 
152 99 
142 98 
143 90 
159 106 
149 86 
152 107 
146 89 
167 114 
150 98 
163 110 
177 111 
154 111 
169 106 
161 102 
146 97 
139 93 
148 94 
163 107 
154 94 
161 92 
137 90 
157 94 
159 108 
148 88 
174 121 
170 100 
146 85 
142 85 
153 104 
131 86 
148 103 
147 82 
147 87 
153 98 
138 92 
153 109 
151 87 
145 86 
156 101 
139 90 
eb/N0 5.5 mean num_error_matrix 0.00497123
eb/N0 6 mean num_error_matrix 0.00316586
decoding time (avg) for eb/N0 5.5 is 3977.18ms
decoding time (avg) for eb/N0 6 is 4702.89ms
