56 0 
67 62 
82 77 
63 61 
72 67 
71 66 
73 65 
78 70 
64 0 
68 62 
52 45 
68 63 
59 57 
60 0 
59 0 
63 57 
72 67 
67 55 
0 0 
48 0 
65 59 
55 50 
68 57 
55 49 
57 50 
55 43 
53 45 
63 60 
74 70 
70 58 
0 0 
71 61 
52 0 
0 0 
72 66 
60 47 
71 64 
80 71 
67 64 
74 0 
55 50 
0 0 
80 73 
65 0 
66 61 
61 55 
74 67 
72 63 
79 71 
64 58 
73 63 
0 0 
66 60 
68 63 
72 70 
67 62 
62 0 
59 0 
63 0 
58 54 
66 59 
0 0 
66 59 
0 0 
61 0 
69 64 
58 53 
80 71 
68 60 
79 77 
75 69 
78 69 
73 67 
72 0 
62 56 
64 56 
56 52 
77 0 
0 0 
55 0 
63 58 
59 52 
70 65 
61 54 
78 71 
61 55 
52 47 
50 0 
71 61 
56 52 
65 63 
49 43 
63 58 
71 62 
66 0 
78 68 
57 49 
65 0 
65 58 
67 60 

eb/N0 6.6 mean num_error_matrix 0.000851121
eb/N0 6.7 mean num_error_matrix 0.000366599
decoding time (avg) for eb/N0 6.6 is 5030.04ms
decoding time (avg) for eb/N0 6.7 is 3988.66ms
