318 208 
329 239 
348 263 
349 249 
307 207 
343 244 
344 228 
352 243 
317 212 
355 239 
312 206 
347 248 
311 216 
330 226 
298 201 
363 261 
345 233 
310 222 
274 190 
312 223 
317 226 
327 221 
355 244 
313 229 
345 244 
314 198 
320 226 
345 240 
317 216 
344 235 
325 226 
320 239 
329 218 
318 228 
330 228 
308 213 
355 252 
363 265 
335 237 
303 210 
300 200 
338 230 
332 234 
348 246 
337 223 
317 220 
330 239 
338 236 
334 232 
309 214 
332 241 
317 227 
335 228 
305 216 
363 254 
345 231 
336 226 
326 219 
344 235 
346 239 
311 225 
317 214 
329 216 
320 226 
326 218 
304 211 
332 220 
333 237 
333 226 
330 232 
348 249 
327 227 
356 252 
328 226 
308 225 
326 212 
313 213 
334 231 
336 231 
352 250 
308 211 
323 218 
328 234 
328 224 
339 250 
362 259 
339 220 
342 228 
318 231 
306 207 
338 225 
332 236 
330 219 
326 236 
331 220 
345 241 
338 223 
310 206 
335 237 
327 221 

eb/N0 4.5 mean num_error_matrix 0.0107698
eb/N0 5 mean num_error_matrix 0.00746274
decoding time (avg) for eb/N0 4.5 is 3224.75ms
decoding time (avg) for eb/N0 5 is 3316.08ms
