0 0 
53 0 
61 0 
54 0 
62 57 
60 0 
0 0 
0 0 
0 0 
58 45 
0 0 
60 0 
49 0 
0 0 
0 0 
52 45 
58 56 
51 45 
0 0 
0 0 
55 51 
0 0 
49 44 
0 0 
44 0 
0 0 
0 0 
56 53 
60 53 
51 0 
0 0 
0 0 
0 0 
0 0 
57 0 
0 0 
58 52 
67 55 
0 0 
0 0 
0 0 
0 0 
69 64 
0 0 
0 0 
0 0 
62 0 
60 56 
64 59 
52 48 
0 0 
0 0 
57 52 
0 0 
58 54 
0 0 
0 0 
0 0 
0 0 
0 0 
59 53 
0 0 
54 0 
0 0 
0 0 
58 0 
51 0 
65 0 
53 0 
69 0 
66 59 
60 51 
61 57 
0 0 
0 0 
0 0 
0 0 
0 0 
0 0 
0 0 
0 0 
0 0 
58 53 
0 0 
68 61 
50 0 
0 0 
0 0 
52 0 
0 0 
56 46 
0 0 
56 50 
55 52 
0 0 
60 53 
0 0 
0 0 
0 0 
0 0 
0 0 
0 0 
0 0 
0 0 
53 48 
55 48 
60 52 
0 0 
0 0 
52 0 
0 0 
0 0 
54 0 
0 0 
0 0 
55 0 
0 0 
50 44 
66 59 
54 50 
0 0 
62 0 
49 0 
57 50 
60 0 
0 0 
0 0 
54 0 
67 0 
54 0 
55 0 
61 58 
0 0 
0 0 
0 0 
0 0 
47 0 
52 0 
45 0 
0 0 
57 52 
54 51 
0 0 
0 0 
0 0 
0 0 
50 0 
68 59 
0 0 
0 0 
0 0 
53 52 
56 0 
0 0 
51 45 
0 0 
47 0 
56 0 
0 0 
0 0 
0 0 
0 0 
0 0 
0 0 
0 0 
0 0 
0 0 
60 0 
73 61 
47 0 
0 0 
61 56 
0 0 
57 53 
0 0 
47 0 
55 0 
61 56 
58 0 
58 52 
65 61 
59 0 
0 0 
0 0 
0 0 
70 70 
51 0 
0 0 
51 0 
55 0 
51 0 
0 0 
48 43 
0 0 
0 0 
0 0 
0 0 
48 0 
51 0 
0 0 
4 0 
0 0 
0 0 
0 0 
0 0 
63 0 
0 0 
0 0 
0 0 
65 0 
59 56 
0 0 
46 0 
60 0 
0 0 
0 0 
54 0 
56 18 
55 0 
0 0 
70 65 
51 49 
0 0 
51 45 
61 53 
0 0 
0 0 
66 61 
66 58 
0 0 
66 58 
55 50 
0 0 
0 0 
60 0 
64 57 
60 0 
0 0 
59 0 
0 0 
0 0 
73 69 
46 0 
0 0 
49 0 
0 0 
57 0 
0 0 
58 0 
0 0 
54 0 
66 59 
62 0 
0 0 
0 0 
0 0 
0 0 
0 0 
52 47 
0 0 
0 0 
0 0 
0 0 
0 0 
53 0 
0 0 
0 0 
0 0 
55 0 
0 0 
0 0 
48 0 
50 0 
0 0 
64 0 
0 0 
45 0 
0 0 
57 0 
0 0 
0 0 
50 0 
0 0 
66 0 
0 0 
0 0 
53 0 
0 0 
0 0 
0 0 
54 0 
62 56 
0 0 
0 0 
54 48 
59 55 
0 0 
59 0 
68 61 
0 0 
50 0 
52 49 
64 58 
0 0 
0 0 
61 0 
62 57 
56 47 
0 0 
54 50 
53 49 
0 0 
56 51 
56 0 
0 0 
0 0 
54 0 
0 0 
0 0 
0 0 
65 56 
47 0 
0 0 
0 0 
0 0 
53 0 
61 54 
64 62 
0 0 
0 0 
65 60 
0 0 
0 0 
52 0 
59 53 
0 0 
0 0 
58 0 
0 0 
0 0 
0 0 
0 0 
52 0 
60 0 
0 0 
0 0 
53 50 
0 0 
48 0 
0 0 
0 0 
0 0 
0 0 
57 0 
0 0 
52 0 
67 60 
55 0 
0 0 
55 0 
0 0 
0 0 
56 0 
0 0 
18 0 
48 0 
0 0 
0 0 
0 0 
0 0 
54 0 
0 0 
0 0 
0 0 
47 0 
0 0 
59 53 
0 0 
0 0 
59 13 
0 0 
69 0 
63 53 
57 0 
0 0 
0 0 
0 0 
59 53 
55 0 
0 0 
0 0 
0 0 
58 0 
55 49 
0 0 
0 0 
0 0 
0 0 
0 0 
44 0 

eb/N0 6.6 mean num_error_matrix 0.000851121
eb/N0 6.7 mean num_error_matrix 0.000366599
decoding time (avg) for eb/N0 6.6 is 5030.04ms
decoding time (avg) for eb/N0 6.7 is 3988.66ms
