1329
1253
1293
1289
1306
1282
1292
1288
1279
1314
1321
1267
1315
1311
1272
1220
1268
1338
1329
1326
1343
1299
1271
1333
1254
1296
1291
1301
1282
1304
1268
1356
1313
1317
1305
1367
1326
1304
1314
1322
1350
1301
1301
1351
1382
1288
1301
1372
1306
1263
1282
1319
1311
1285
1307
1306
1319
1245
1271
1338
1337
1323
1314
1230
1326
1328
1245
1270
1331
1256
1240
1255
1323
1317
1296
1276
1269
1287
1340
1317
1308
1219
1270
1350
1310
1276
1342
1335
1291
1289
1277
1274
1297
1304
1321
1365
1274
1285
1318
1239
