311
275
240
288
319
275
0
321
305
268
316
356
331
0
335
0
266
257
268
301
289
0
0
338
304
312
293
0
0
331
0
0
288
354
200
0
262
335
291
295
302
360
279
28
0
296
253
290
233
301
318
213
274
289
295
286
308
311
303
262
306
277
0
240
0
294
0
297
275
332
286
287
0
0
294
313
290
326
272
268
270
278
324
322
303
369
296
328
325
0
254
315
329
263
353
281
338
316
277
344
246
0
0
0
291
289
304
0
0
294
346
0
295
243
294
335
288
255
0
0
274
0
265
325
0
0
0
287
267
231
311
328
272
0
309
0
0
0
323
0
263
247
298
321
304
321
262
0
0
323
293
0
232
0
366
339
295
333
317
0
0
0
311
247
0
234
275
323
295
248
353
279
0
253
280
266
0
335
288
298
292
314
287
336
267
291
319
285
0
219
295
320
282
330
333
0
323
264
0
256
294
312
299
306
353
333
336
268
0
290
305
0
293
0
283
301
0
294
299
0
276
272
287
293
269
209
0
280
0
212
308
300
323
277
295
314
312
315
304
266
0
332
280
268
315
299
281
314
303
242
340
295
315
307
311
0
0
0
307
302
229
267
312
297
267
0
284
326
234
251
244
277
279
0
289
0
276
309
278
320
314
271
236
303
0
303
0
294
231
299
291
287
332
313
312
258
254
317
276
0
0
260
0
246
316
256
286
342
286
267
326
267
0
0
282
268
282
281
0
277
277
313
330
320
282
0
291
0
0
308
0
0
286
254
324
288
279
237
256
234
351
304
236
253
295
318
0
0
327
322
0
331
251
0
289
301
266
0
215
0
311
270
277
0
0
306
306
285
0
361
297
256
0
276
261
325
186
293
321
267
261
0
278
332
0
259
0
299
327
0
0
356
313
326
325
297
325
306
0
310
290
290
339
312
295
0
247
343
0
265
262
321
0
298
318
357
279
348
296
334
0
313
261
258
277
311
0
312
287
374
281
312
270
250
298
279
0
326
255
288
285
0
0
283
296
0
320
0
0
324
303
284
0
317
324
241
0
328
360
256
0
0
262
329
269
282
325
289
340
225
0
0
341
329
269
261
261
292
290
0
284
0
279
0
311
0
294
308
0
219
348
299
268
294
0
322
286
286
326
302
0
304
256
276
0
302
307
0
263
269
0
332
346
0
0
335
319
0
227
0
345
261
300
321
299
0
277
287
0
0
285
0
320
0
311
332
291
295
314
260
0
0
278
0
285
346
236
237
0
300
273
321
297
271
267
320
306
243
0
0
319
276
0
215
262
279
274
311
313
332
0
296
232
352
0
0
331
0
261
0
0
317
257
281
281
313
319
0
291
334
302
0
293
0
302
0
319
0
339
291
0
0
302
0
249
279
323
262
0
280
272
270
298
0
270
328
0
0
298
272
272
0
270
315
264
374
297
291
300
283
272
0
0
302
0
319
260
264
302
309
0
292
0
0
331
185
273
301
0
36
308
268
269
0
313
332
296
297
0
303
328
0
0
294
0
319
294
0
0
290
0
0
292
291
335
0
299
302
0
0
222
197
274
293
285
322
0
267
225
335
0
299
319
280
322
351
232
266
255
0
313
319
0
0
298
0
311
252
286
261
0
0
300
0
307
0
356
282
293
307
317
283
283
0
0
0
287
0
255
288
0
318
232
291
222
311
311
303
297
279
273
331
0
301
302
293
239
299
270
300
298
0
298
0
340
0
0
289
228
333
297
254
257
304
270
0
0
242
300
275
362
272
315
260
0
368
322
291
285
296
303
0
319
0
304
288
294
329
285
342
263
351
360
304
204
0
296
298
280
253
291
311
323
278
287
0
316
0
0
313
348
300
321
285
341
0
290
250
322
317
287
327
259
270
324
320
0
344
314
239
0
345
288
346
341
307
276
0
327
0
276
0
318
275
239
321
301
321
271
347
305
248
277
0
284
284
258
310
308
0
331
290
296
303
0
299
324
246
267
380
222
300
0
294
260
0
293
0
281
0
357
253
337
247
208
283
268
341
297
0
288
0
350
308
265
0
325
0
0
260
331
0
268
289
345
253
325
238
313
282
0
302
281
300
285
312
247
0
307
318
352
222
320
317
317
0
297
316
259
252
0
299
300
0
253
0
248
286
264
314
347
0
0
0
348
272
0
299
384
238
237
300
284
302
253
256
0
0
0
303
317
275
333
300
260
312
337
238
308
258
294
285
296
0
210
312
313
0
279
307
266
330
362
0
303
270
342
254
0
238
271
281
335
276
233
0
0
312
0
265
311
321
343
222
0
265
0
313
0
294
337
335
303
250
304
353
306
0
283
309
284
0
295
342
282
302
305
282
0
309
295
284
0
304
308
339
257
339
305
321
292
338
309
338
305
0
290
364
0
324
0
292
350
309
0
0
287
255
275
304
0
277
339
305
294
294
243
0
284
292
0
307
276
0
324
264
279
0
207
315
0
286
278
354
311
309
273
333
0
287
0
318
324
0
339
368
0
312
313
0
395
270
308
278
0
357
327
317
285
279
277
331
0
0
273
301
290
331
258
0
0
295
267
261
320
314
380
331
0
0
0
0
300
319
333
0
249
295
271
287
256
292
339
0
292
282
255
386
0
291
0
0
310
297
334
354
228
0
279
310
225
268
286
0
281
0
367
301
314
0
308
315
286
327
300
153
287
267
302
297
249
0
317
335
0
333
311
272
0
309
257
281
0
274
332
248
266
0
260
0
310
382
325
0
355
253
291
0
299
268
316
271
287
336
257
0
352
0
306
0
287
313
0
293
281
244
270
275
296
0
309
0
301
0
324
302
255
0
253
330
245
0
0
326
306
228
282
305
0
297
273
353
282
339
292
273
294
0
0
309
236
237
302
393
315
290
286
274
341
398
318
332
296
319
0
277
0
284
293
280
293
278
274
254
0
0
307
299
281
0
319
270
0
349
261
302
0
0
0
0
0
304
287
302
279
0
347
302
60
0
345
264
275
360
282
0
247
267
270
251
319
289
290
328
0
277
340
0
0
0
0
0
0
313
335
0
321
311
250
354
309
0
0
320
325
0
327
316
298
0
249
314
0
274
308
347
0
313
0
0
289
337
295
0
307
0
258
273
300
0
257
390
0
319
0
330
251
0
0
294
311
0
304
319
0
261
287
0
247
260
0
308
228
356
217
281
0
263
331
0
259
312
306
313
318
341
274
349
0
0
326
343
278
310
269
269
0
247
0
331
268
0
247
339
310
227
313
0
0
0
306
236
278
323
0
0
304
278
0
288
333
305
278
280
238
362
288
308
276
216
271
0
311
313
0
0
298
255
300
280
333
268
268
301
348
0
285
0
272
317
322
294
302
0
298
323
294
278
0
0
0
305
332
303
299
265
263
0
0
269
240
260
300
0
281
0
354
314
0
291
334
300
0
287
272
258
311
320
0
0
259
328
285
0
319
0
259
317
303
0
260
293
289
208
206
310
349
260
275
310
291
295
0
233
0
285
269
311
254
316
283
284
274
321
0
327
0
0
0
0
0
301
287
313
334
0
283
0
299
259
323
305
309
342
0
322
285
351
293
239
312
282
286
366
233
298
279
315
338
307
0
306
371
298
298
298
0
280
0
0
0
265
244
352
0
322
281
329
312
0
0
246
256
322
314
247
0
361
299
332
313
278
0
336
346
273
345
260
286
277
302
287
0
257
254
262
320
359
0
0
314
301
251
296
299
0
300
325
246
296
0
0
287
268
289
0
0
291
298
293
268
279
228
0
355
300
0
247
0
0
0
273
0
339
326
293
295
301
320
299
0
254
262
303
295
291
297
267
288
325
272
0
336
0
323
300
0
0
0
321
287
325
236
271
276
259
254
288
0
0
321
287
274
284
283
265
244
0
286
0
0
262
0
0
0
0
324
317
301
272
261
280
243
289
0
355
253
259
296
0
187
312
0
0
269
321
271
0
0
327
231
308
326
274
329
323
301
334
262
280
262
310
257
340
311
341
292
321
326
311
0
0
311
281
272
263
345
341
266
252
309
286
0
0
0
312
297
272
329
292
303
286
325
221
0
281
282
294
338
300
345
279
361
271
0
322
260
289
355
328
0
0
0
0
317
0
281
263
309
314
342
278
240
274
275
0
252
297
320
320
268
320
267
330
294
290
292
262
302
259
0
0
278
288
317
315
283
339
311
327
293
353
0
324
231
290
292
0
0
0
0
233
0
302
0
349
231
299
328
0
0
0
266
0
295
328
228
0
301
239
269
288
293
0
317
0
304
306
287
326
381
0
385
310
296
286
0
342
288
286
330
0
257
293
297
277
249
249
335
347
283
0
268
293
326
0
255
245
0
285
303
0
290
285
0
0
0
299
319
0
0
0
268
282
269
316
0
353
245
233
388
275
0
295
279
264
0
342
325
274
327
275
306
0
0
0
357
302
256
348
0
251
249
308
246
317
260
372
306
335
325
261
266
304
267
285
279
0
259
291
0
248
324
259
294
0
346
289
246
0
265
0
292
326
315
0
310
342
339
0
324
224
0
322
273
357
295
250
282
321
0
234
283
0
282
249
0
337
356
317
296
243
304
299
306
319
312
372
264
330
0
0
299
335
248
258
265
305
250
0
0
213
0
332
260
304
0
0
336
0
244
0
0
296
0
0
270
284
290
0
290
0
285
302
0
299
238
311
276
316
346
298
278
291
319
293
0
295
252
0
0
0
0
292
0
266
302
256
252
338
290
301
279
326
292
317
329
245
322
0
271
0
280
0
289
321
316
0
0
247
279
0
300
324
0
305
338
246
271
310
267
326
276
357
309
296
320
340
344
265
360
300
290
248
280
289
304
243
256
323
241
276
300
310
310
270
307
329
335
279
343
372
0
305
294
359
0
298
260
284
309
340
0
0
343
289
313
324
278
0
0
310
0
247
313
265
275
330
301
326
0
282
303
285
259
291
267
292
321
221
279
304
306
323
265
326
0
261
291
0
0
279
283
300
245
288
267
271
0
0
307
293
0
311
0
311
298
285
273
0
311
318
0
0
305
298
0
272
264
285
246
324
330
307
272
332
0
247
280
251
0
220
239
0
0
0
0
275
292
0
278
295
262
328
335
301
206
0
286
0
288
279
295
285
281
292
245
0
316
269
322
360
0
270
0
0
286
0
255
328
277
259
339
210
256
276
327
0
303
236
232
293
270
0
357
326
252
326
306
337
311
325
279
310
285
339
325
243
0
0
275
0
0
0
0
288
0
307
281
0
254
0
342
0
0
0
296
279
293
326
0
0
221
0
0
300
0
301
291
267
0
286
0
0
307
300
295
234
342
0
293
324
282
286
340
0
289
0
264
328
0
0
248
0
326
0
0
220
0
295
300
355
0
226
254
0
302
226
316
329
0
388
314
0
305
0
320
299
338
314
283
309
236
260
266
0
306
359
283
302
282
313
0
274
235
293
327
0
0
0
0
301
279
0
330
330
0
289
0
282
359
250
0
0
0
331
303
294
0
0
289
229
255
214
0
0
310
314
323
325
0
0
263
313
246
230
0
311
276
0
340
302
0
0
286
254
319
252
290
358
340
0
287
291
275
300
0
309
341
283
332
298
210
0
0
319
0
261
250
275
303
282
0
336
342
362
298
285
277
340
290
0
0
333
272
326
301
0
0
333
0
287
319
282
266
270
380
284
0
273
310
305
310
302
301
0
305
0
312
288
239
274
339
0
286
340
288
279
272
268
293
329
305
0
329
0
316
292
263
319
281
312
318
306
240
289
314
338
295
0
252
0
0
289
0
308
284
302
299
271
0
268
287
252
320
272
0
0
241
309
285
368
327
316
300
283
319
245
317
0
273
257
286
292
292
292
284
255
297
279
251
0
267
286
0
264
304
256
0
290
269
345
325
0
355
263
0
0
0
264
0
0
0
299
251
330
282
0
302
344
0
258
298
318
278
317
267
313
271
308
239
0
278
276
258
0
295
344
0
325
320
294
308
0
0
231
0
251
0
0
238
291
229
0
354
252
209
0
277
272
0
302
234
311
307
335
0
337
291
283
329
253
275
0
0
343
0
299
233
283
312
0
306
327
296
294
234
0
285
300
0
300
293
0
318
298
337
0
352
349
0
299
282
277
0
300
284
285
0
274
0
0
317
0
0
318
241
279
291
287
353
291
297
0
347
0
271
305
248
301
263
364
259
314
349
0
314
0
272
294
221
0
0
296
280
279
350
300
250
341
293
255
269
352
266
303
0
337
340
0
268
0
294
365
307
333
305
332
304
232
272
301
276
278
268
317
309
337
0
312
0
288
323
0
0
0
0
368
265
325
358
0
309
182
298
0
0
279
0
326
324
304
285
0
254
338
0
268
0
296
0
0
251
275
285
0
303
254
0
238
0
261
0
293
280
321
307
0
311
299
369
0
0
267
319
323
309
0
278
341
278
0
278
0
0
0
251
333
311
276
275
212
0
301
0
350
333
336
0
312
276
259
0
0
0
250
281
301
289
295
218
321
288
270
289
251
292
0
309
309
358
301
259
266
256
311
298
269
0
0
307
346
268
195
322
0
284
275
350
237
284
273
267
252
290
0
309
339
357
380
241
278
0
258
0
0
302
320
264
309
0
0
289
327
0
247
297
315
301
0
0
323
0
338
317
370
242
0
270
217
275
285
294
255
305
0
256
0
293
267
351
0
298
305
287
311
315
306
0
332
232
258
314
0
249
281
0
315
262
0
360
304
262
332
267
270
0
0
295
277
293
257
326
0
335
290
308
321
327
270
300
323
285
0
313
289
294
307
262
293
278
0
340
288
312
250
324
286
281
325
349
341
330
275
262
0
320
240
266
0
303
263
290
0
358
0
293
225
295
330
296
297
370
247
262
0
0
0
285
0
329
300
291
0
0
267
297
285
287
264
0
0
335
239
0
0
295
296
351
251
296
0
238
0
309
303
293
281
0
0
0
0
292
318
0
301
286
315
0
0
265
327
266
297
278
0
0
308
262
266
239
0
304
0
225
317
0
228
310
343
371
0
245
277
283
0
297
337
312
304
231
239
285
0
295
362
369
316
242
244
323
0
0
0
301
316
318
289
290
320
288
267
305
0
234
329
0
0
258
316
244
298
281
302
281
230
277
258
0
361
294
281
0
332
310
0
230
241
0
289
297
284
236
379
0
262
0
0
0
267
306
285
264
0
272
0
300
249
287
307
334
310
281
317
301
289
268
321
0
278
307
0
0
268
0
256
308
252
311
0
313
302
343
296
286
285
375
0
257
260
305
324
0
308
263
345
268
323
251
339
303
0
299
0
269
271
0
235
338
0
289
0
300
333
288
282
310
257
242
306
281
290
0
256
0
245
274
0
229
295
325
0
293
242
345
0
266
0
0
197
301
285
0
322
0
298
298
0
0
0
0
299
284
0
323
224
0
287
0
0
0
268
321
295
244
0
321
319
255
298
298
361
0
275
301
307
305
330
316
0
262
310
299
330
241
312
332
314
334
347
325
336
306
265
308
0
317
277
214
299
302
0
358
0
306
318
337
303
275
318
333
221
0
320
0
278
254
294
289
281
0
279
308
279
350
341
0
0
0
257
279
286
349
0
270
0
247
382
297
266
340
331
317
292
294
270
247
319
314
265
317
297
280
282
295
319
256
304
322
302
294
331
352
283
305
0
301
0
0
249
283
268
333
276
288
312
0
323
329
335
0
285
336
286
0
0
0
300
0
0
278
269
319
367
263
252
264
0
332
305
273
326
362
0
253
295
323
304
300
0
286
284
300
323
282
335
304
0
377
237
269
296
349
265
271
295
286
323
328
381
293
292
326
284
0
329
0
294
274
0
0
299
290
0
350
0
377
308
232
0
235
0
318
328
260
312
0
0
318
214
282
285
247
263
316
0
285
0
292
262
302
0
340
325
324
317
0
288
264
328
306
286
322
0
297
0
0
330
362
0
314
362
284
313
302
247
281
0
0
287
284
294
290
0
280
296
260
0
290
0
283
284
343
0
285
0
280
0
271
0
0
296
324
335
0
281
307
267
310
321
0
279
295
278
0
295
298
301
288
312
0
375
0
322
0
0
292
306
397
0
286
0
298
0
274
344
357
355
275
312
292
223
0
325
350
260
251
332
260
316
261
0
303
0
269
0
281
0
283
392
284
256
0
0
0
285
285
310
222
277
302
0
267
331
314
297
297
0
279
308
308
240
0
350
317
306
0
292
0
324
282
289
323
0
0
284
227
306
267
250
277
0
0
341
0
293
0
281
253
266
286
304
331
0
320
312
260
218
310
273
311
262
0
275
293
0
264
317
0
288
332
0
325
280
277
283
304
287
267
247
283
285
285
320
0
274
207
0
289
0
0
252
268
307
0
309
0
0
281
306
385
305
0
269
259
0
270
311
255
255
235
0
356
231
391
300
248
280
281
243
310
276
296
259
318
0
294
0
235
295
0
253
317
319
312
314
329
347
0
190
324
313
0
332
0
260
239
281
346
284
0
322
0
294
312
0
343
0
296
319
0
267
316
327
0
309
319
0
0
313
0
311
273
275
284
294
283
288
300
291
320
303
288
0
313
398
205
343
277
260
298
248
292
0
0
285
278
295
341
329
323
328
286
319
294
0
270
256
257
315
290
0
294
270
0
263
261
333
365
0
302
327
0
307
330
0
0
310
325
274
298
247
280
261
315
270
247
269
0
249
344
328
298
319
301
292
311
0
0
311
0
280
257
325
0
292
301
300
268
335
305
0
289
274
331
229
309
281
254
277
308
252
290
0
280
271
283
246
336
303
0
312
276
261
0
286
283
314
240
0
0
308
278
0
298
326
299
0
307
250
279
275
266
0
317
296
253
201
321
303
284
0
0
321
0
315
304
0
296
329
245
251
278
0
280
285
0
287
253
367
271
262
284
290
0
326
232
274
0
0
294
304
0
0
309
289
285
292
293
0
313
0
0
255
306
0
0
0
338
301
243
303
335
315
258
312
275
0
214
297
257
0
293
0
0
284
0
260
0
288
239
0
0
0
291
288
291
0
0
315
268
229
324
328
0
235
245
293
280
0
0
305
0
310
0
295
265
291
0
269
0
288
241
0
290
0
362
307
321
260
287
315
321
324
0
320
311
257
388
347
342
272
232
299
287
296
294
0
308
0
302
332
255
320
0
342
245
270
0
319
314
296
289
294
267
329
306
0
253
266
0
296
276
0
284
0
282
283
0
0
247
267
0
0
0
244
303
335
276
301
296
318
301
289
0
314
0
273
0
269
327
221
289
315
287
287
229
0
0
272
249
0
343
225
313
322
295
267
288
0
0
270
296
296
306
289
0
0
253
335
327
250
315
339
0
313
279
269
0
332
0
276
0
279
301
261
349
330
329
258
266
293
288
0
229
206
286
271
329
213
303
0
334
0
255
274
310
228
290
0
281
220
291
0
0
308
168
0
294
273
212
347
321
298
0
0
0
329
250
263
235
275
267
283
221
301
0
308
283
0
329
0
344
0
299
274
304
0
325
335
247
0
339
301
289
0
322
0
328
0
339
283
331
0
0
295
315
0
252
0
276
0
333
262
325
289
267
284
146
244
308
321
298
320
298
0
243
0
331
287
275
0
263
273
249
275
235
236
251
304
304
0
317
313
0
282
291
291
317
0
329
0
0
0
0
339
0
289
312
295
352
328
0
0
306
292
286
0
295
294
308
258
329
0
261
259
250
333
270
341
0
291
0
259
307
307
352
272
0
314
0
297
0
244
289
232
259
260
300
259
0
283
321
304
266
320
274
315
360
319
283
276
273
226
335
285
0
0
278
0
0
209
297
0
243
299
287
243
251
323
292
307
0
0
357
0
0
318
295
0
329
0
303
278
292
0
0
0
0
257
359
243
244
0
258
0
0
341
325
327
314
327
329
265
0
302
328
321
310
317
292
299
271
319
336
300
323
315
0
319
281
354
231
285
279
316
269
322
333
323
320
222
0
305
286
346
267
272
0
307
0
340
0
0
0
240
311
342
259
289
234
0
333
332
0
244
331
255
300
308
360
287
281
307
0
0
292
312
0
282
253
0
315
304
275
301
294
303
0
289
0
315
321
344
280
276
291
364
327
297
321
272
0
0
322
262
0
230
0
0
0
359
350
295
299
315
0
333
312
0
293
0
0
0
288
329
336
319
271
330
299
255
321
0
268
316
0
240
322
313
351
288
219
349
280
353
286
0
329
309
0
311
0
239
251
259
292
240
226
0
0
293
304
325
306
258
0
0
0
309
295
283
234
322
267
0
251
269
0
309
240
336
0
240
0
0
305
299
335
266
332
290
274
326
299
0
276
302
298
0
289
0
302
0
260
315
0
0
0
322
328
289
262
300
262
329
277
295
331
342
305
0
0
291
257
301
250
0
292
271
272
294
240
304
339
0
297
0
227
261
326
326
0
343
228
282
0
256
0
228
0
0
326
0
292
286
311
0
346
223
305
0
351
0
302
353
281
279
304
0
315
304
299
0
324
279
313
0
256
261
326
301
0
313
273
0
308
281
302
310
0
254
345
0
248
329
296
307
286
323
274
282
324
255
306
0
329
360
320
272
0
0
311
336
310
313
321
281
0
293
299
0
306
0
305
256
0
215
369
0
322
324
0
298
0
0
0
293
315
314
319
0
339
352
275
0
282
308
310
286
273
289
273
0
0
0
326
0
0
354
287
301
332
264
0
0
291
319
306
0
263
0
304
0
320
317
0
282
240
0
300
317
279
295
344
314
353
248
333
270
297
0
0
256
0
271
284
337
346
225
301
298
277
0
0
354
346
260
339
310
282
0
261
306
274
223
324
306
263
334
354
273
257
207
0
295
0
0
303
263
281
272
337
284
270
317
0
344
264
321
318
332
360
334
248
241
303
238
262
0
314
268
299
0
0
270
300
0
262
269
231
0
0
264
282
347
295
0
0
0
303
286
294
311
333
0
277
304
237
278
0
257
300
254
0
250
0
0
0
217
322
317
305
303
296
0
326
301
305
367
313
257
247
0
0
197
0
279
0
258
0
322
303
246
356
331
242
321
275
280
286
300
353
372
0
268
307
273
308
302
277
0
286
297
276
0
0
0
307
291
271
311
0
0
297
283
333
251
274
296
0
316
333
298
296
291
288
293
324
0
285
0
267
330
349
264
352
0
308
318
307
279
0
267
0
251
263
304
239
260
314
284
291
279
277
305
322
270
290
0
0
275
271
287
268
0
0
321
0
248
311
363
314
256
246
0
0
252
310
0
0
324
281
0
0
0
291
281
0
317
334
345
277
0
315
382
342
0
322
270
0
322
284
280
233
257
298
247
150
339
0
0
0
272
273
312
0
266
0
252
316
288
230
382
354
300
283
292
284
353
0
0
279
280
0
281
306
268
341
266
245
334
0
216
305
0
322
317
0
294
0
330
0
297
348
312
337
313
332
281
0
241
323
0
0
273
0
0
320
0
314
277
270
328
327
293
287
290
359
330
246
357
236
322
277
270
0
295
212
303
299
246
296
318
0
252
291
219
248
306
300
334
0
305
290
0
0
313
333
0
291
258
261
321
314
282
0
280
256
0
0
239
322
315
345
261
312
213
0
296
266
280
0
0
0
0
186
272
0
293
306
254
293
310
241
248
0
289
290
303
0
317
0
0
311
235
0
271
318
0
204
0
286
0
254
318
209
240
0
330
337
284
0
237
208
0
262
298
0
285
0
345
264
277
0
347
375
353
326
0
294
337
278
301
317
342
318
0
275
330
300
311
0
263
0
0
296
0
365
360
295
333
273
0
281
329
240
262
336
318
243
0
314
0
281
0
292
336
298
0
0
321
0
0
295
315
263
312
285
315
313
275
315
289
0
248
298
264
263
284
278
257
0
371
280
0
0
339
304
272
243
0
269
304
300
278
337
301
0
263
0
200
324
0
0
0
0
236
375
309
261
304
274
0
282
268
0
318
0
291
330
264
282
238
0
219
364
283
0
279
292
0
245
323
258
260
0
280
0
311
0
299
321
291
0
0
300
0
344
315
0
275
0
329
289
352
286
343
256
307
363
309
290
280
0
0
0
298
0
0
254
285
0
0
246
287
0
330
334
291
0
268
234
286
284
294
188
326
0
312
0
265
260
0
304
0
324
286
327
0
0
322
0
0
333
306
243
289
276
298
316
255
304
258
209
272
415
265
285
264
0
234
255
322
0
0
253
0
328
280
0
280
305
271
374
312
320
0
281
297
297
260
294
0
277
290
0
0
0
230
0
325
335
357
273
259
0
361
299
0
276
259
326
269
272
0
273
0
305
289
0
0
329
0
290
228
259
199
278
273
0
0
295
319
314
294
281
0
320
233
0
290
310
285
344
329
259
0
0
317
0
0
285
318
320
0
0
314
261
263
339
0
250
285
313
295
226
303
0
301
0
337
267
301
376
210
296
311
226
0
266
258
0
301
257
0
0
309
309
277
305
289
0
280
275
294
0
280
278
294
274
311
271
0
0
376
264
268
268
0
304
312
259
0
0
284
317
0
0
313
272
0
0
333
293
0
270
322
279
209
0
340
0
303
285
320
0
324
352
347
0
0
341
295
262
311
0
319
301
304
255
240
245
287
325
307
338
311
276
295
0
240
276
242
278
299
0
315
316
316
340
284
261
328
316
333
308
281
307
0
0
221
251
346
332
303
304
0
338
308
0
0
0
296
296
0
255
317
0
301
250
325
0
307
0
275
276
0
283
237
0
260
309
324
349
269
246
0
302
307
305
0
272
0
285
0
317
236
287
0
317
306
275
301
0
295
266
0
297
354
302
260
298
366
370
274
381
268
307
311
296
321
322
265
255
263
328
262
326
0
0
396
0
0
90
281
263
329
0
298
276
288
281
0
0
327
231
283
348
227
282
283
365
0
355
0
0
0
269
337
0
285
325
265
0
320
330
0
295
327
0
0
305
312
288
240
0
277
287
0
344
0
0
0
303
277
264
270
0
325
242
263
301
296
342
326
245
303
335
302
356
280
322
323
0
270
281
317
264
237
311
280
268
288
294
293
246
344
328
282
0
351
298
0
332
265
314
282
378
350
0
0
268
282
290
292
283
0
319
256
254
0
298
0
332
0
315
350
346
263
0
0
272
317
246
194
326
269
314
351
0
0
277
321
298
338
271
0
307
0
357
232
273
0
343
207
305
277
318
0
299
318
0
0
333
295
301
304
287
215
0
313
238
304
301
0
321
300
323
289
253
288
326
288
336
291
314
246
269
0
268
0
274
361
318
270
338
292
331
332
290
264
289
320
324
0
0
331
291
325
337
0
266
326
0
0
303
263
292
302
281
0
305
312
326
307
286
316
313
273
252
306
262
0
305
280
260
243
335
0
0
326
0
329
297
0
301
318
260
314
317
289
0
320
0
0
278
0
276
0
0
355
313
305
291
359
277
316
277
338
0
300
0
320
241
293
337
291
263
359
310
0
287
249
339
308
0
288
300
0
313
268
297
307
282
0
275
245
317
245
280
253
292
258
299
0
317
308
286
312
0
300
309
0
316
305
288
263
0
332
0
0
285
305
290
0
286
273
0
241
230
228
365
292
0
278
352
334
260
236
286
351
300
0
348
256
0
232
304
0
313
305
291
265
0
303
268
0
314
0
301
256
0
288
0
281
356
276
0
263
268
0
215
286
269
332
345
0
293
0
266
0
0
332
0
0
0
0
329
336
0
0
284
288
278
263
315
270
279
0
320
256
297
287
286
317
291
248
0
360
280
297
0
279
322
325
270
0
381
0
231
306
251
279
319
299
0
311
304
282
0
0
284
280
0
291
279
324
288
0
273
0
297
0
298
287
0
308
246
0
284
281
297
322
285
0
0
339
239
281
0
316
0
305
342
291
288
255
326
286
0
340
347
0
282
253
302
252
295
0
0
239
340
324
330
340
312
297
184
345
231
320
0
240
327
0
265
358
0
0
278
329
0
0
0
311
313
345
0
305
0
295
0
0
0
308
371
288
0
319
0
0
0
366
308
0
295
291
0
328
0
281
271
345
296
226
0
225
290
0
0
292
0
289
322
191
0
0
353
0
253
306
265
298
0
329
366
286
246
297
0
247
284
278
329
316
0
0
276
0
282
230
264
292
305
0
0
0
226
355
243
297
0
271
298
0
282
352
297
290
0
305
313
323
226
259
0
0
301
331
0
312
247
0
0
315
261
304
257
0
310
286
259
335
0
0
315
270
0
0
334
276
309
340
336
0
306
322
0
281
306
281
290
267
315
296
230
301
0
251
0
0
302
296
278
308
219
236
310
0
325
342
292
297
0
335
329
291
233
275
0
0
312
0
260
306
379
344
274
0
238
303
301
321
290
326
294
267
302
287
271
287
317
214
299
299
0
279
259
287
301
278
280
325
282
286
311
0
277
0
365
322
0
252
0
262
310
0
230
254
320
0
0
223
308
300
292
0
288
0
0
267
309
307
287
293
0
0
263
369
367
314
314
0
276
0
305
295
0
291
0
328
324
296
0
317
320
0
329
267
223
282
306
0
0
0
0
295
355
268
274
0
0
295
353
300
249
334
277
283
287
315
266
294
288
248
0
0
0
0
227
312
317
0
276
357
328
274
323
305
343
337
0
291
314
0
298
326
251
228
270
0
0
296
326
0
0
0
331
0
273
0
277
0
0
280
0
202
0
0
275
340
308
257
305
305
0
306
300
0
236
243
282
0
250
289
302
317
293
314
293
0
0
0
306
282
0
0
329
331
0
250
265
276
319
0
333
264
338
267
293
315
269
353
253
175
343
0
257
0
247
280
316
0
256
0
0
315
0
298
366
266
0
292
0
0
259
227
317
320
313
302
289
249
0
287
311
263
310
0
287
296
0
306
281
264
257
0
278
0
0
0
311
310
322
342
0
320
289
0
0
0
280
281
226
300
361
0
363
282
265
274
0
0
304
0
287
0
252
349
244
248
297
313
0
0
0
280
329
314
221
214
272
332
347
278
287
264
285
278
289
284
308
323
341
0
0
0
293
272
0
302
322
276
0
279
287
231
334
344
257
333
259
319
267
0
317
333
283
270
0
303
0
287
303
323
350
0
269
331
293
269
268
0
272
0
328
291
260
326
386
311
309
0
295
0
228
271
262
295
261
269
0
288
0
328
270
301
307
0
0
348
338
0
261
286
324
329
342
0
305
333
323
292
322
0
296
325
0
0
282
320
300
317
0
237
297
0
288
283
239
0
226
264
326
0
0
288
245
292
322
0
259
269
263
337
267
302
0
320
306
311
0
0
286
0
317
0
314
192
319
334
315
340
252
275
319
363
377
344
0
286
288
311
0
294
336
311
273
282
289
0
300
0
347
0
327
248
0
295
0
267
0
0
312
261
296
255
290
330
300
282
337
318
305
0
0
0
0
0
285
338
235
282
275
0
319
0
280
0
282
0
0
0
259
297
0
292
266
0
222
250
0
295
0
0
306
275
293
268
310
0
325
0
270
291
271
309
243
296
299
0
292
295
0
0
0
309
313
276
303
363
285
361
0
307
277
276
342
275
0
341
302
264
310
273
331
312
315
298
277
278
328
304
0
347
315
0
0
317
323
0
328
0
311
302
0
320
276
264
0
281
319
320
293
0
0
283
296
275
0
295
0
323
318
0
0
0
341
367
311
0
251
0
272
0
281
308
274
335
315
0
279
256
293
271
0
309
315
272
304
300
235
0
316
240
0
334
263
0
312
0
277
292
328
324
297
345
0
250
288
317
291
291
294
327
0
302
277
289
274
277
270
227
256
247
309
296
0
276
281
0
286
294
361
298
298
0
0
326
286
323
243
272
0
286
199
292
260
267
0
265
0
309
327
305
0
312
228
293
283
264
0
0
337
244
283
309
0
280
0
275
271
0
335
244
343
248
290
364
313
284
325
293
249
291
262
268
0
262
331
282
119
0
303
257
345
238
323
341
312
310
315
261
0
278
266
314
0
352
238
258
333
299
0
291
262
283
264
276
242
320
259
351
250
294
307
251
301
0
271
235
283
306
236
0
0
333
0
302
0
0
0
0
290
209
0
0
339
0
0
282
0
297
291
272
0
269
0
311
279
324
297
246
269
0
0
0
309
261
252
277
0
272
0
0
313
306
257
253
290
252
0
366
304
241
301
264
268
272
375
0
282
0
316
250
273
318
236
269
0
269
278
285
0
290
300
346
0
355
301
0
266
302
317
287
295
0
314
0
0
0
324
0
331
0
0
0
0
347
302
0
346
251
198
271
309
263
0
234
222
341
264
0
0
314
0
309
254
307
0
267
255
0
0
0
318
0
276
304
266
328
284
279
290
0
313
0
245
269
0
347
317
261
312
295
308
0
293
285
338
274
258
282
301
336
336
349
344
0
287
278
284
322
0
0
350
284
318
0
325
279
156
0
234
326
292
331
214
0
295
306
0
0
0
315
317
310
285
326
293
247
324
308
284
315
337
0
380
205
252
251
308
249
0
294
255
253
0
307
302
0
0
335
304
0
294
0
264
326
265
0
323
227
328
0
271
0
285
0
295
0
0
0
265
368
256
0
278
248
294
306
306
260
239
313
263
260
273
0
0
0
292
293
319
296
333
237
0
0
305
325
301
267
0
312
300
276
0
271
286
255
289
267
301
235
242
255
281
0
287
303
275
290
326
345
326
295
0
278
0
279
295
0
319
281
253
318
282
295
270
306
294
291
320
268
0
288
181
344
0
0
391
286
0
327
0
273
0
289
220
0
298
276
0
0
0
295
273
251
264
293
286
0
330
243
308
0
302
272
263
0
0
301
329
0
0
310
209
0
272
0
261
268
327
224
300
327
251
299
0
278
252
271
0
297
322
300
280
309
308
0
304
0
323
0
284
253
321
356
244
283
433
286
306
319
347
288
283
232
0
271
0
342
351
292
278
305
332
299
345
0
330
287
301
259
304
0
303
295
288
251
0
304
0
330
298
0
240
298
0
231
310
278
302
278
312
228
0
294
0
304
316
343
0
327
308
284
245
0
320
200
268
0
275
269
327
352
301
0
0
300
317
283
325
257
279
250
246
274
0
244
312
308
0
329
272
274
319
0
264
0
268
0
330
256
233
0
289
326
267
0
272
342
338
373
235
326
249
291
335
0
300
0
306
291
308
265
254
0
297
0
306
282
0
331
329
0
297
237
292
326
304
230
0
0
0
291
291
296
337
0
288
366
311
299
303
274
308
284
0
332
249
0
283
259
283
0
0
218
276
0
317
0
0
266
0
0
294
302
0
270
284
273
0
0
282
341
241
277
0
309
276
297
269
306
259
292
0
280
324
320
287
291
263
300
0
0
326
298
270
331
272
0
289
281
270
245
223
0
272
336
313
283
275
0
272
304
0
252
299
300
0
285
0
0
288
321
237
229
0
343
280
295
249
314
0
325
240
253
0
293
0
316
0
0
301
0
0
258
298
0
325
312
267
291
0
340
314
316
272
0
267
0
195
282
351
315
306
273
340
263
315
288
306
0
0
0
0
0
279
299
0
0
328
246
304
267
360
312
0
0
0
298
0
248
274
189
341
351
263
305
0
319
283
274
0
307
0
0
335
297
0
297
310
280
0
0
329
259
344
0
292
294
291
221
227
295
316
342
299
0
0
283
297
240
300
0
0
328
238
286
318
278
0
278
0
342
309
277
0
328
301
284
255
275
0
303
231
298
303
296
313
282
308
268
305
0
0
305
0
0
0
277
313
339
255
283
314
250
232
0
0
321
284
328
0
309
286
0
253
338
0
329
342
309
318
254
0
306
260
0
260
166
266
316
0
302
0
297
316
268
287
313
293
0
276
0
0
300
290
268
286
296
268
0
288
224
294
284
314
268
0
327
303
282
266
333
329
228
283
0
269
0
0
0
295
283
0
274
301
310
0
281
331
305
0
293
0
233
0
0
250
302
332
232
262
288
254
0
0
0
288
241
286
0
273
196
334
294
282
0
289
0
0
319
0
0
346
319
0
257
307
0
335
0
294
250
375
0
298
343
353
271
265
311
312
315
297
0
294
0
0
294
300
221
295
286
0
322
0
312
262
211
0
350
381
278
176
278
295
326
293
231
305
0
275
314
287
284
0
219
342
295
306
0
336
296
306
244
194
0
317
262
286
269
319
276
318
266
0
283
0
341
280
328
297
272
259
315
306
355
290
277
0
272
294
238
243
267
216
310
354
309
0
254
303
0
253
349
328
301
320
345
296
220
252
294
317
309
246
0
0
0
289
302
268
0
280
317
350
265
0
0
302
0
281
268
327
274
271
328
269
280
267
315
290
256
282
300
274
0
297
287
326
232
0
284
341
297
0
321
326
0
296
254
0
297
294
314
301
255
300
0
303
279
0
316
248
313
345
333
0
270
0
0
290
0
0
276
351
303
294
0
0
290
246
309
255
268
238
314
349
310
259
0
316
0
324
0
331
290
0
286
335
0
291
326
303
313
277
292
325
0
318
321
296
346
286
241
286
307
293
0
294
308
246
246
312
312
329
347
275
0
316
319
238
310
255
260
0
315
257
355
301
270
0
299
308
235
286
278
236
266
331
332
316
314
0
349
299
275
261
0
303
0
0
0
266
333
0
304
0
342
297
264
290
0
263
299
0
0
0
270
340
338
299
0
0
294
243
344
326
232
0
0
264
263
285
247
281
276
336
276
327
328
312
282
287
262
339
221
241
300
320
302
349
307
294
326
302
328
337
347
295
275
310
304
286
301
366
297
228
289
292
0
262
0
320
286
296
355
299
0
259
283
243
0
316
328
314
0
270
291
330
268
316
0
233
297
272
0
0
374
297
291
215
301
323
336
250
264
319
0
347
313
256
329
256
339
271
219
0
336
306
245
0
0
279
0
0
361
333
280
287
317
310
274
293
266
267
345
268
316
310
307
0
374
338
302
250
321
347
0
317
0
260
297
264
276
285
330
293
326
215
0
0
0
264
337
0
322
318
310
281
311
291
227
289
305
0
292
336
309
333
268
337
322
324
227
245
0
246
0
206
248
273
278
0
280
0
283
286
0
280
298
237
254
321
288
302
304
297
313
267
300
343
283
313
301
313
320
243
293
0
359
274
0
0
303
0
0
322
282
0
289
0
259
234
0
281
333
0
0
0
329
295
375
276
306
306
269
330
0
0
264
0
305
266
286
368
328
231
0
298
304
314
0
261
0
312
272
296
325
306
0
310
277
279
281
280
308
323
325
0
343
286
269
280
310
355
343
307
294
316
381
316
278
284
303
333
0
306
348
0
339
312
308
333
324
308
266
0
273
256
328
261
266
293
0
0
0
225
0
351
291
334
0
295
0
330
0
0
0
0
258
285
253
268
276
0
0
288
0
0
337
257
295
335
344
280
271
276
0
285
313
337
297
0
0
296
296
297
0
281
256
0
299
0
0
259
255
0
0
352
280
298
333
272
300
0
347
294
275
270
319
279
314
258
0
318
281
285
287
0
286
0
270
0
0
275
264
0
0
304
308
0
266
292
298
0
290
0
268
0
280
286
246
0
314
343
0
346
0
309
318
335
360
245
313
372
309
317
0
303
299
346
354
301
310
0
0
295
312
273
283
322
288
281
362
0
302
291
320
295
0
0
0
285
306
250
288
272
0
278
302
293
297
0
0
347
400
0
303
280
306
312
0
0
311
281
295
0
311
298
0
290
0
320
197
305
0
301
288
0
296
264
238
256
0
327
277
0
304
327
274
292
287
0
0
274
252
0
276
283
286
0
316
290
352
309
287
266
301
240
294
0
305
320
346
287
257
0
233
0
0
270
308
0
0
325
335
286
0
307
312
328
0
258
0
325
0
280
301
299
274
256
310
0
276
0
224
0
338
299
0
0
263
292
0
0
275
292
308
320
285
245
333
300
353
278
307
300
272
0
329
283
355
262
278
321
256
270
276
232
371
293
303
0
288
235
329
271
0
307
314
284
269
327
377
239
0
0
310
352
324
0
283
264
0
337
0
299
0
237
0
0
272
278
331
264
287
254
286
338
293
290
0
0
0
324
0
0
380
313
269
260
326
298
0
317
254
337
326
298
345
316
0
300
0
0
281
0
0
229
241
0
249
296
0
316
305
239
0
262
0
284
342
292
332
306
293
0
315
0
0
366
276
325
0
281
0
0
326
0
291
295
267
289
303
0
334
262
0
320
289
286
312
249
301
330
0
0
251
326
0
0
0
0
0
302
0
0
304
315
0
289
255
265
318
259
0
335
293
308
312
277
298
313
321
346
0
0
361
322
328
239
290
290
344
305
286
0
0
300
309
234
273
272
0
271
294
290
293
0
275
321
266
272
329
0
226
271
316
333
267
280
229
0
306
0
0
0
0
0
289
313
291
278
0
225
0
256
0
296
366
301
210
0
287
273
260
0
328
290
301
246
266
324
310
290
0
0
332
322
261
269
346
0
280
288
266
301
0
306
0
254
330
290
264
288
304
260
276
317
236
350
298
0
339
252
292
0
305
0
268
247
243
238
266
340
340
0
0
256
0
311
364
249
302
0
283
257
204
0
260
394
0
312
0
302
289
304
333
0
0
0
0
0
329
266
269
315
303
275
329
0
280
0
312
327
0
266
289
0
0
0
0
330
273
296
0
354
0
326
290
258
289
282
286
0
311
356
0
299
298
302
306
295
260
0
308
304
0
291
258
0
259
0
273
0
331
298
303
285
289
0
358
316
272
344
266
0
262
286
240
0
310
265
314
304
0
308
0
294
341
333
0
297
296
276
289
334
257
269
290
285
268
266
345
274
324
0
293
296
315
0
258
336
317
332
325
258
0
359
317
337
313
0
254
327
271
0
345
315
321
298
0
277
300
0
245
326
335
227
307
283
272
223
322
263
309
347
309
268
233
0
275
0
0
272
235
286
320
291
324
266
230
0
290
0
0
0
301
334
364
305
308
277
0
257
289
0
316
313
0
0
283
301
329
281
324
0
0
287
228
338
262
356
291
0
292
287
285
308
317
247
310
277
0
297
376
268
0
284
268
266
336
0
293
276
269
287
261
322
0
275
251
328
329
259
310
244
324
0
280
0
369
0
293
255
267
297
358
301
331
0
0
0
0
0
306
259
252
333
301
269
266
310
0
0
0
311
0
286
268
275
316
326
203
295
289
0
281
0
0
357
331
0
262
297
0
0
290
314
279
322
337
282
322
320
374
245
0
0
300
305
279
271
312
0
316
331
333
243
322
249
267
300
0
342
0
264
342
0
274
266
275
0
306
0
266
254
278
0
292
284
0
342
322
252
355
0
284
277
298
286
309
0
322
300
321
311
236
328
324
301
0
322
0
206
275
0
255
327
322
311
359
317
346
296
313
315
345
0
292
0
268
314
278
268
0
330
223
321
0
0
297
306
301
299
293
0
237
0
297
299
0
216
290
0
319
305
276
270
305
272
363
265
282
0
317
0
293
293
238
273
253
299
259
266
0
330
291
255
299
330
0
279
299
302
277
0
232
315
291
0
303
338
277
258
250
299
0
357
347
310
254
336
0
312
0
292
319
0
282
0
0
0
292
0
319
0
265
247
318
281
301
281
295
347
0
350
258
276
304
328
269
292
343
303
288
300
271
287
0
0
316
323
289
0
316
319
280
219
0
306
0
0
0
314
233
285
0
290
237
234
264
355
317
308
0
254
0
279
297
308
261
333
272
276
287
326
0
246
286
343
0
370
276
312
315
307
297
0
301
319
0
208
0
265
286
328
0
316
280
0
352
337
0
310
270
0
385
0
278
291
0
255
304
283
300
280
231
295
354
307
295
247
294
288
296
304
285
346
290
275
339
0
311
308
375
267
288
328
0
0
0
0
302
277
308
307
0
359
0
305
293
271
270
0
0
295
316
354
289
284
311
0
318
0
290
320
0
0
0
306
365
0
306
266
250
292
316
0
0
267
262
284
0
0
300
202
322
0
305
310
249
296
262
311
272
0
253
304
0
293
339
271
294
265
225
0
282
243
0
319
0
280
260
0
269
332
269
207
0
257
268
0
266
286
0
228
276
309
295
0
0
299
0
334
245
325
221
291
312
296
310
243
297
322
351
293
322
293
0
279
250
310
0
0
314
319
308
314
336
285
0
215
330
285
245
343
358
324
308
281
269
316
297
0
328
268
248
0
283
0
287
315
294
0
276
258
0
324
281
285
294
307
280
332
292
0
255
297
289
0
0
248
324
0
326
0
319
271
279
315
330
275
352
0
293
272
323
247
280
249
0
0
0
278
0
0
261
303
0
263
322
0
290
293
346
287
371
0
258
290
284
362
310
0
0
307
290
240
345
300
0
307
315
0
310
304
254
0
273
277
0
0
305
0
308
258
0
314
271
342
0
268
275
269
311
347
297
0
246
263
284
302
273
254
331
251
361
302
313
295
281
250
323
290
259
0
252
0
226
322
0
0
260
0
257
296
284
0
300
259
288
341
363
225
255
296
291
338
278
273
321
268
314
312
281
0
310
305
244
0
0
272
301
307
301
310
0
303
299
314
0
0
200
308
281
329
287
253
300
0
0
289
289
246
277
294
0
236
322
233
0
329
294
260
0
236
265
305
251
271
0
235
0
339
254
290
338
269
306
334
358
240
345
292
325
0
299
0
0
0
363
261
281
0
263
322
352
275
336
321
304
320
311
274
252
264
281
347
0
0
0
306
291
