1370
1329
1353
1343
1414
1334
1317
1409
1354
1320
1417
1372
1387
1290
1403
1307
1414
1307
1333
1408
1380
1338
1344
1379
1375
1420
1395
1345
1401
1421
1297
1337
1353
1425
1350
1340
1377
1390
1342
1429
1422
1376
1339
1383
1354
1338
1328
1366
1397
1406
1400
1361
1328
1386
1373
1389
1399
1333
1337
1389
1343
1341
1389
1251
1323
1432
1379
1403
1382
1347
1376
1370
1368
1331
1366
1404
1332
1323
1358
1316
1382
1433
1422
1340
1358
1397
1342
1399
1422
1370
1383
1403
1375
1396
1451
1329
1413
1407
1372
1359
