0
0
234
0
0
0
0
0
0
0
0
284
311
246
0
336
289
0
0
220
0
0
0
0
302
0
0
0
0
0
270
362
0
276
0
284
0
0
0
0
0
0
0
261
270
0
257
0
0
289
0
319
0
0
0
0
308
263
329
0
303
0
0
0
0
0
310
0
240
0
0
277
0
0
0
249
0
0
0
0
272
0
0
297
0
279
287
0
0
0
0
0
241
0
0
0
0
0
0
296
299
310
250
0
0
227
256
239
0
248
0
0
0
271
0
287
253
0
0
0
0
0
276
0
0
0
0
264
0
241
0
0
0
0
0
248
0
0
0
262
0
0
0
292
0
0
0
0
0
251
0
0
273
0
0
0
0
0
0
306
0
0
0
0
0
0
0
0
0
0
0
0
301
0
323
0
0
274
0
0
294
0
0
0
324
0
0
0
0
0
0
237
0
0
0
291
0
0
0
0
0
0
288
0
0
0
0
0
0
0
0
304
289
0
0
0
227
0
232
0
0
0
0
0
0
0
278
0
0
0
258
0
0
0
0
0
0
0
0
0
256
0
0
0
0
0
0
0
286
0
230
0
0
261
260
0
0
260
0
286
0
0
0
0
0
0
258
352
0
0
0
0
0
281
0
0
0
0
0
0
270
0
0
0
322
0
0
0
237
0
278
0
0
207
0
250
294
0
0
0
0
0
0
0
328
0
231
0
300
0
0
0
263
0
0
0
0
0
0
0
0
0
0
0
0
318
0
0
274
0
0
304
264
296
0
0
0
245
0
268
306
0
0
0
0
296
266
255
0
0
324
0
0
0
195
0
0
0
0
0
238
366
0
0
0
0
300
0
0
0
302
0
0
298
294
289
0
276
241
0
0
0
327
0
0
0
0
0
0
0
221
307
0
0
0
0
277
301
0
0
0
0
0
266
0
0
0
0
0
0
0
0
0
289
0
306
281
0
0
266
275
0
0
262
0
0
307
283
314
313
0
0
0
0
0
0
323
0
0
0
0
0
0
242
289
0
251
221
0
0
0
0
309
288
308
320
0
347
264
0
294
0
276
0
0
283
233
0
0
0
0
0
0
0
0
0
192
0
0
0
0
296
336
272
0
0
0
264
0
286
0
0
0
0
0
0
0
0
0
0
0
346
0
290
0
249
0
0
257
0
0
297
0
0
285
231
0
0
290
257
223
0
0
277
265
281
0
0
269
296
0
0
0
312
0
310
0
195
270
0
270
289
0
0
0
0
0
231
192
0
276
0
0
286
0
0
0
333
0
0
257
0
0
0
0
0
292
293
0
0
0
0
289
0
0
270
0
302
0
0
285
0
0
0
225
0
0
330
0
0
0
287
0
291
0
0
0
276
359
0
354
285
0
0
0
0
310
0
235
0
199
269
305
0
245
0
0
284
0
0
0
0
303
329
0
265
255
0
0
0
303
0
0
0
304
0
0
0
0
311
0
0
249
0
0
0
0
0
306
0
229
0
0
0
0
275
0
0
285
319
0
0
0
0
277
0
0
177
250
319
0
0
0
0
0
0
0
0
0
288
0
243
0
0
0
306
0
0
0
0
0
0
317
0
256
0
0
0
0
0
0
0
0
214
0
0
0
0
0
261
314
283
0
0
0
0
272
0
0
0
0
0
0
249
304
0
304
0
0
0
0
0
0
0
311
0
0
0
0
0
0
262
306
308
0
0
271
333
262
322
0
309
0
0
0
0
243
233
313
200
0
286
188
253
0
232
0
0
295
0
289
268
0
0
0
0
0
0
0
0
0
281
0
0
0
0
292
0
285
0
0
0
0
0
0
272
0
254
245
208
0
310
0
0
0
291
0
0
0
0
0
0
286
258
0
247
0
0
255
0
0
0
248
0
0
0
318
0
283
0
0
0
321
297
324
278
0
0
0
0
223
234
0
281
0
0
230
0
303
0
0
253
274
0
0
0
0
0
0
0
0
0
0
306
0
275
0
0
0
0
225
250
0
223
0
312
0
318
0
0
295
0
294
0
0
220
0
0
0
0
280
291
312
258
0
260
0
208
0
0
267
0
0
0
0
350
0
0
324
0
255
0
0
268
0
0
0
267
235
0
229
0
314
192
0
0
0
0
0
214
0
0
283
219
232
0
0
0
315
0
0
268
0
0
0
0
0
0
0
0
0
0
0
0
0
0
263
0
0
289
0
0
292
0
0
305
0
0
275
272
250
0
373
0
0
247
0
250
0
298
0
322
0
294
0
0
0
276
322
253
0
0
0
0
0
0
357
294
0
0
319
0
0
322
0
0
0
243
207
0
0
0
0
262
0
0
0
0
258
0
0
0
0
0
263
0
0
0
0
0
154
275
0
0
265
263
0
0
265
317
0
0
0
227
280
0
0
274
340
0
0
0
0
0
0
0
0
309
281
0
332
0
0
0
0
0
0
0
0
0
0
0
253
0
0
0
0
261
0
0
0
0
0
0
0
0
0
0
0
291
0
0
0
308
316
275
0
0
0
0
0
251
0
281
256
220
0
0
0
296
0
263
0
255
0
243
0
0
0
327
266
0
0
0
0
276
0
0
0
314
236
298
0
0
0
0
0
258
0
0
314
0
0
0
258
0
267
0
0
0
0
0
0
0
0
0
0
0
0
0
0
288
0
353
0
0
310
0
0
0
223
0
0
271
0
282
0
0
0
0
0
0
0
0
330
260
0
0
0
227
0
0
0
211
241
0
237
245
0
262
0
0
271
241
0
0
344
0
0
0
0
0
0
0
0
0
0
0
0
0
0
279
271
0
0
294
0
0
0
296
0
0
0
0
247
0
0
0
0
0
0
0
0
0
316
0
0
0
0
0
0
0
281
0
0
216
266
0
0
296
0
310
0
0
0
312
0
0
292
0
0
0
0
0
322
0
0
276
0
0
209
261
0
0
0
0
350
0
0
0
288
0
265
0
0
0
0
0
0
308
0
0
0
0
0
233
0
0
0
276
0
0
0
0
256
0
301
0
0
0
0
0
268
0
0
289
0
269
270
0
0
0
0
0
0
0
0
236
318
320
0
0
0
257
0
0
0
0
265
0
0
0
0
0
0
247
0
0
274
0
254
0
0
0
248
0
274
0
319
0
0
0
266
0
0
0
289
0
0
0
0
251
0
0
0
0
242
203
0
0
0
0
0
0
0
0
273
0
318
0
0
268
0
0
0
0
0
292
0
0
0
0
0
288
0
309
0
0
0
0
0
0
0
0
0
0
0
297
0
0
0
0
276
0
281
0
0
240
0
0
0
257
0
281
289
268
0
0
0
264
280
0
300
0
0
232
0
308
0
290
0
0
0
0
307
0
293
293
0
0
194
0
0
0
0
0
262
299
0
257
0
291
0
0
0
0
0
277
257
0
0
0
236
0
285
0
0
0
0
0
0
279
0
0
0
0
274
321
0
0
274
0
218
0
0
218
271
313
0
0
241
284
0
275
0
0
0
0
0
0
0
0
0
0
283
0
0
0
325
0
286
265
0
0
0
255
254
0
284
237
359
0
0
0
226
273
289
252
286
0
0
295
0
0
0
0
246
0
233
0
0
0
0
0
295
0
0
0
0
229
0
0
0
229
0
69
0
0
0
0
0
0
0
0
0
0
0
0
0
0
0
0
294
337
320
0
0
300
0
0
0
319
0
0
0
0
0
0
0
0
0
265
0
0
0
0
0
0
0
0
0
108
316
319
0
0
0
252
0
0
0
0
0
242
351
290
0
0
0
0
0
0
0
298
0
0
0
0
0
223
0
0
0
0
0
0
0
0
0
0
248
0
0
294
280
0
301
0
0
0
0
0
287
0
261
258
0
285
254
0
0
0
0
0
309
234
0
0
0
0
313
0
0
340
0
0
0
0
0
273
0
327
196
0
0
0
0
0
234
281
0
0
0
0
172
0
0
0
0
285
0
277
0
0
0
0
0
258
0
304
0
293
304
274
0
0
0
252
0
0
0
0
279
310
230
286
334
0
0
0
0
0
0
0
0
0
294
243
261
274
0
0
0
265
243
0
246
0
0
0
186
0
254
0
234
0
0
0
0
0
275
0
298
281
0
0
319
310
0
0
0
0
0
0
0
0
0
0
255
0
0
0
0
0
292
0
0
296
0
0
0
0
0
0
0
268
0
301
0
0
284
0
285
0
280
0
0
237
0
0
0
0
0
225
0
0
0
252
0
0
0
0
0
0
190
0
0
0
0
0
0
0
0
0
0
0
304
0
0
0
0
281
240
252
274
237
0
0
0
0
287
273
0
0
248
0
0
0
0
0
0
0
0
227
246
0
0
0
0
0
262
0
0
0
0
0
0
0
280
0
0
0
0
278
256
0
0
320
296
239
264
258
0
0
257
0
0
271
0
0
0
0
0
0
0
0
0
0
0
259
331
0
0
275
0
256
0
0
0
200
0
0
0
259
0
0
0
0
292
0
314
234
303
0
0
0
0
315
0
303
0
0
0
0
0
308
0
0
245
0
0
278
216
293
0
252
0
344
0
0
327
0
0
300
0
0
0
277
307
257
253
0
0
252
0
262
325
0
0
0
0
0
0
0
255
0
0
222
0
0
0
301
0
323
277
307
0
0
0
0
188
0
0
230
0
0
0
0
298
311
283
0
344
298
264
0
0
0
275
256
0
0
0
0
0
251
0
0
0
0
0
0
0
0
0
0
0
0
0
0
289
0
0
297
0
0
0
0
0
291
0
253
297
0
0
0
351
0
215
0
0
0
257
0
0
263
313
261
0
0
0
0
0
267
0
305
0
0
297
0
0
0
0
0
0
0
0
0
0
0
277
0
0
0
0
0
0
0
0
0
0
304
0
0
0
0
0
252
0
292
0
0
335
250
0
0
0
0
0
215
0
0
0
0
0
281
0
251
0
0
0
264
0
313
0
0
255
0
0
0
0
0
0
281
0
0
272
0
0
0
0
0
297
0
0
0
285
0
285
248
272
254
221
0
0
0
0
0
0
0
0
0
248
343
0
303
0
0
0
0
0
254
0
0
0
296
0
0
0
0
0
0
275
0
328
259
330
0
0
299
0
0
0
0
0
0
0
0
0
302
0
0
0
269
0
0
263
300
219
0
281
0
0
0
0
0
0
0
255
265
0
311
228
0
0
0
0
274
0
0
342
0
0
0
0
242
0
0
0
0
0
0
0
0
0
0
284
0
0
263
0
0
0
0
276
301
0
308
0
0
0
0
330
0
0
0
0
0
322
247
0
0
0
298
0
0
0
0
0
0
0
0
0
313
0
0
0
233
0
0
258
275
296
260
0
0
0
0
0
0
268
0
0
0
0
309
0
0
334
235
0
257
317
0
302
289
0
298
0
288
0
312
284
0
0
254
324
0
187
0
0
325
253
0
330
0
0
0
0
0
0
0
0
0
0
295
242
0
0
0
0
0
0
288
274
0
280
0
0
0
0
307
290
0
245
0
0
253
0
0
0
244
0
0
0
332
0
0
0
0
0
0
241
254
0
292
0
0
0
0
308
0
0
284
286
0
293
0
290
0
314
0
268
0
0
0
0
0
271
0
0
0
0
0
273
0
0
0
0
0
0
0
0
241
0
0
0
0
0
309
0
0
0
0
0
0
0
0
278
224
0
0
0
0
0
0
0
249
0
0
0
0
269
0
257
318
0
327
269
0
250
0
0
239
237
0
0
0
0
280
277
0
289
0
236
279
0
0
0
0
0
318
351
0
0
0
0
263
242
0
0
0
0
0
196
0
0
0
0
0
280
0
0
0
252
0
0
0
325
0
0
287
0
251
0
245
0
234
0
221
0
0
0
0
0
0
0
0
0
0
0
0
0
0
0
0
0
265
0
0
0
264
0
261
0
0
326
287
0
0
0
0
0
0
0
0
0
0
0
0
0
0
0
0
0
0
364
0
0
253
0
0
0
0
0
0
0
318
0
283
0
0
0
0
283
0
294
0
0
0
0
0
0
284
0
330
332
0
322
0
0
0
0
0
283
0
0
0
0
0
0
300
296
0
0
240
308
180
0
0
0
0
0
254
0
0
303
0
0
0
312
0
0
0
0
337
0
0
0
0
251
0
272
0
0
0
0
250
0
228
0
0
0
0
0
0
205
0
260
0
326
0
0
257
0
0
288
0
253
253
247
263
0
0
0
0
321
0
0
340
0
0
220
0
0
0
268
0
0
0
271
260
273
222
347
0
0
326
0
0
0
332
278
0
258
294
0
0
0
0
280
0
243
0
0
0
0
0
0
0
0
0
0
0
0
261
0
0
287
0
0
0
246
0
0
0
0
0
0
0
0
0
0
302
256
296
0
0
311
0
0
0
0
0
0
241
0
235
0
0
0
0
0
0
0
0
0
0
220
0
308
302
0
0
298
0
0
0
0
0
0
0
273
0
0
0
0
0
0
0
0
321
243
0
0
241
236
0
0
0
0
0
0
342
235
0
0
274
0
296
0
0
0
243
256
287
0
284
299
0
0
0
0
297
0
0
0
98
292
286
0
0
297
264
0
292
0
0
0
0
0
0
0
0
268
0
0
0
266
288
246
0
260
268
0
0
0
0
293
341
237
281
322
283
0
0
0
0
0
264
273
0
0
0
0
0
0
0
0
0
0
0
0
0
304
277
282
0
0
0
209
308
0
275
313
0
284
273
0
0
243
0
308
0
0
0
0
0
304
0
0
0
231
265
0
0
0
0
0
0
0
273
0
254
257
0
0
0
0
0
0
0
0
265
0
0
0
0
0
241
0
0
0
0
0
0
0
0
255
0
0
0
0
0
0
0
0
0
0
213
0
0
0
282
0
0
0
281
0
246
0
297
0
0
0
0
0
0
0
275
262
0
0
0
199
0
0
0
0
344
248
0
0
0
270
0
0
276
248
0
0
295
0
0
0
0
0
0
0
0
0
271
0
0
0
0
0
277
0
0
274
0
0
0
0
0
0
0
313
0
0
275
307
0
0
0
0
0
289
0
0
240
0
0
0
280
0
0
0
0
0
0
0
0
0
0
0
0
0
308
290
0
0
343
278
0
0
0
0
0
0
284
0
239
0
0
0
300
0
0
0
0
0
300
0
221
0
0
268
0
0
0
0
0
0
290
0
291
0
265
309
252
0
0
0
0
277
0
0
0
0
0
0
0
261
232
0
255
231
323
0
237
0
0
335
0
249
0
0
313
0
0
0
303
0
273
240
0
0
0
0
0
260
0
0
0
0
296
333
0
235
0
0
0
0
230
305
0
0
176
0
0
0
128
311
241
0
299
287
0
0
0
312
0
226
0
0
257
292
0
0
0
0
0
0
0
0
0
0
0
274
0
281
295
0
0
0
0
0
0
0
0
0
0
257
0
0
0
0
0
0
0
301
0
302
0
0
241
0
0
0
271
0
209
0
251
0
0
0
223
0
278
267
0
0
260
0
0
0
0
0
297
268
0
0
0
0
237
0
297
0
0
0
0
0
271
0
0
0
0
281
0
294
0
310
0
222
0
0
313
298
195
258
0
0
0
286
332
0
0
296
0
0
0
0
0
244
0
0
0
0
0
0
0
0
0
0
323
285
0
0
0
0
0
0
0
303
0
0
0
0
0
0
0
288
0
342
0
0
0
0
290
0
325
0
276
222
0
0
0
0
0
231
0
0
0
0
238
0
0
0
200
0
0
0
0
0
0
0
0
214
0
0
0
299
0
0
0
0
0
292
282
247
0
0
0
206
0
0
291
0
0
0
0
0
0
0
0
0
215
0
299
0
0
0
0
0
204
0
0
314
0
0
243
0
340
0
0
0
0
0
0
331
0
0
263
0
0
0
216
277
0
293
0
0
296
0
267
0
0
0
0
0
0
0
0
288
0
0
0
255
0
0
250
0
318
0
0
0
0
0
0
0
280
380
243
257
0
290
0
0
0
0
0
0
0
0
213
0
289
298
211
301
249
0
268
0
262
0
0
0
0
284
0
0
0
0
0
0
0
0
307
0
0
284
0
303
240
0
0
0
0
0
0
0
0
0
0
0
0
228
0
0
0
247
258
0
0
0
0
0
312
294
0
0
0
0
0
0
0
321
0
0
0
0
276
238
224
0
0
324
0
0
363
343
0
0
294
0
0
206
313
0
0
0
253
227
300
309
283
265
0
0
0
278
0
332
0
0
0
277
0
0
0
0
228
0
0
0
0
0
0
0
0
0
0
0
303
0
0
296
211
0
0
0
0
295
297
0
220
273
294
347
0
0
0
0
318
280
0
0
0
0
270
0
0
0
0
0
0
0
0
0
0
0
0
0
0
0
0
0
232
0
285
0
0
250
0
0
0
0
235
0
0
0
0
0
0
0
260
0
0
0
291
281
0
303
0
311
264
0
0
0
273
0
0
0
0
0
294
0
282
328
0
0
0
292
0
337
312
0
0
0
269
0
0
253
0
272
0
329
248
0
0
0
0
268
0
0
0
0
270
0
0
279
0
244
0
0
261
0
0
0
258
0
0
274
0
0
0
0
300
0
220
0
285
0
80
0
0
255
238
294
0
0
0
0
331
0
0
347
239
0
0
0
221
254
0
0
0
210
0
315
0
0
318
0
0
0
0
0
0
0
0
0
246
0
242
265
290
237
0
0
0
0
0
307
0
0
0
0
0
0
244
242
0
0
0
0
251
256
0
0
224
252
0
231
0
0
290
0
0
328
318
0
0
0
308
0
0
0
0
0
0
0
312
0
0
0
265
0
0
0
297
0
0
270
229
0
0
0
0
0
0
240
0
0
283
0
310
0
0
0
0
0
0
0
0
0
247
0
308
0
0
0
0
0
0
0
0
0
0
0
0
0
0
0
0
248
0
0
0
0
0
0
263
0
0
266
196
311
0
270
0
260
273
279
304
0
0
0
0
0
0
0
0
0
0
0
291
0
215
0
318
269
0
0
0
0
0
348
273
0
0
0
0
0
0
215
252
0
0
238
0
0
0
0
0
239
299
0
287
304
0
0
0
0
336
0
0
0
0
267
0
0
0
0
0
287
0
324
0
0
269
0
0
0
293
0
0
0
0
347
0
235
279
0
269
0
0
0
0
0
0
0
0
0
0
0
0
0
0
0
0
0
0
0
0
0
0
0
274
273
0
292
0
0
0
0
288
0
238
271
0
0
223
0
0
0
0
299
0
0
269
0
0
307
0
341
0
0
0
0
0
269
0
0
0
278
279
0
0
0
0
0
0
0
244
285
0
175
298
0
0
291
0
0
0
0
0
0
268
379
0
0
0
0
0
0
0
0
0
0
0
285
0
264
253
0
0
0
259
0
0
0
0
0
0
0
0
0
0
0
0
0
0
0
233
293
0
0
0
272
0
0
0
0
320
297
0
0
0
0
0
0
0
0
0
0
0
0
0
0
228
0
256
0
0
296
0
230
0
284
0
0
0
0
203
0
210
0
236
0
0
0
266
0
332
258
0
0
0
210
0
327
0
0
0
0
0
0
0
0
229
0
0
0
0
0
288
0
244
273
0
0
0
0
0
0
0
0
0
256
0
0
0
206
258
0
283
248
0
0
0
0
0
236
0
0
0
0
307
0
0
251
0
296
0
0
0
0
0
0
0
0
264
0
284
0
239
0
0
0
0
254
0
0
0
284
0
0
232
255
283
0
0
0
256
0
0
314
0
0
0
278
0
303
219
0
0
205
280
278
284
0
0
274
0
250
302
0
0
315
328
0
0
0
302
232
0
264
296
0
0
0
0
0
0
314
0
0
340
0
0
0
0
0
0
0
0
0
308
0
0
0
0
0
0
274
280
0
0
0
0
0
0
0
0
256
0
0
0
366
0
0
307
0
0
0
291
0
224
0
0
0
0
0
199
342
0
222
293
0
0
291
0
0
0
0
0
0
239
0
0
235
0
0
0
0
0
0
0
0
0
0
0
0
0
280
0
0
0
0
0
173
0
284
0
0
0
0
0
0
0
0
0
0
0
0
0
298
0
244
0
0
0
0
0
0
257
293
0
0
0
0
272
0
0
0
0
0
0
0
297
240
0
0
277
259
251
0
0
264
0
0
0
0
0
0
0
0
0
257
0
0
332
0
0
0
266
269
0
262
287
0
0
264
0
0
301
0
0
0
0
0
0
0
0
0
0
0
275
0
0
0
231
0
0
0
0
255
0
0
0
0
0
0
311
0
0
0
0
244
276
0
299
0
0
0
249
0
246
284
0
0
270
247
0
228
0
307
294
0
245
0
0
0
0
0
0
310
313
297
0
228
0
0
287
232
285
356
288
0
302
0
237
0
0
246
227
0
0
295
0
0
0
227
0
0
0
0
0
0
262
0
0
0
213
0
279
321
240
266
0
0
0
0
0
303
0
175
0
0
0
0
0
263
312
0
0
259
0
333
0
0
290
0
299
0
294
0
0
0
0
266
0
204
269
0
0
0
282
0
268
0
277
0
0
0
0
0
245
0
0
0
0
360
0
249
278
338
0
245
0
255
249
0
347
0
233
0
0
0
0
0
0
327
311
0
0
257
317
0
0
0
0
0
0
0
0
0
0
0
242
208
0
0
0
0
0
0
0
0
0
0
315
0
0
0
0
272
0
0
302
294
314
0
0
0
0
281
0
0
0
0
0
278
0
0
290
0
0
0
0
0
0
0
0
0
266
0
281
0
283
242
0
0
202
0
324
0
0
0
0
0
0
283
309
0
0
0
0
0
0
0
0
272
0
0
0
0
0
0
347
0
0
0
0
0
0
0
0
0
0
0
0
0
0
0
0
0
0
0
0
0
0
0
0
0
0
0
0
248
306
0
0
0
0
0
0
0
0
259
316
0
0
0
0
0
0
0
0
0
0
229
222
0
0
0
267
0
0
266
0
275
254
298
0
304
0
0
0
0
295
0
0
269
0
0
0
0
0
217
0
0
0
264
0
0
0
0
294
0
0
126
0
0
0
165
0
0
279
0
256
268
0
0
345
0
0
289
0
0
0
0
0
342
261
0
0
0
0
0
0
245
0
254
0
252
0
0
0
0
262
0
0
0
0
0
0
269
0
0
0
0
0
0
0
0
0
0
282
0
308
0
305
248
0
0
232
243
0
0
0
0
287
286
293
0
292
0
0
0
0
0
304
224
0
0
0
202
249
0
0
316
0
0
238
0
0
235
0
0
0
0
0
0
297
0
232
0
0
273
343
0
0
0
0
0
0
0
0
259
333
0
0
246
0
0
0
0
288
0
0
0
0
0
0
257
0
0
293
269
0
0
0
0
0
0
0
0
296
0
240
0
0
0
295
262
276
265
212
0
267
0
0
0
0
0
0
0
225
317
331
0
266
278
0
0
0
0
0
0
0
0
0
0
0
256
304
0
0
264
0
310
90
0
305
318
0
0
0
314
0
0
259
302
346
0
0
0
286
0
327
230
0
0
0
0
0
0
242
0
0
0
0
0
0
0
0
0
0
0
254
0
0
0
0
0
0
301
0
0
0
281
0
286
295
0
0
0
307
0
213
0
0
0
316
251
0
271
0
263
0
0
0
251
301
294
0
0
0
0
285
306
0
0
225
278
0
0
250
0
199
0
0
0
291
0
0
0
0
311
0
0
0
311
0
305
0
306
248
248
0
0
285
0
309
269
0
0
0
0
0
0
0
0
0
0
0
267
0
341
261
0
0
288
0
0
0
0
0
0
0
0
0
0
0
0
0
0
309
0
319
303
0
0
0
268
0
0
0
0
0
0
0
262
0
0
231
0
252
0
0
279
0
0
276
0
0
297
0
0
285
252
0
0
0
0
0
0
223
295
263
0
0
0
0
260
0
0
224
199
0
257
0
0
0
0
277
0
0
0
272
0
0
0
0
0
0
0
218
0
0
230
0
228
211
268
0
0
0
246
275
0
0
272
267
0
0
0
0
0
0
0
0
0
0
0
279
235
0
0
0
0
0
237
0
0
0
0
0
0
0
0
240
0
0
0
324
194
260
296
0
0
0
0
0
0
255
0
197
0
276
0
0
0
0
0
0
0
0
302
0
0
256
0
310
248
243
0
0
287
0
0
0
0
0
0
254
274
262
0
307
0
0
273
0
0
0
0
0
0
275
0
0
0
0
0
0
234
0
0
0
0
0
0
233
0
0
0
263
0
246
0
0
0
296
0
274
0
0
0
0
0
0
203
0
0
0
0
0
0
0
242
0
0
0
0
0
0
0
220
294
0
0
0
0
302
0
0
0
305
0
0
0
273
306
0
0
263
0
0
286
283
0
0
0
0
0
310
298
0
0
303
0
0
0
0
0
0
287
272
0
0
264
0
0
0
0
297
0
310
0
309
0
0
286
0
314
0
322
0
0
0
0
0
0
277
347
0
0
0
0
279
298
298
277
0
0
310
0
309
0
0
0
0
0
0
233
317
0
0
0
0
0
0
0
0
271
0
0
0
0
0
0
0
0
308
256
0
0
300
0
0
0
0
0
0
0
0
0
0
0
0
0
0
0
0
0
0
289
234
0
0
0
0
314
0
0
0
315
265
230
0
0
276
0
0
0
0
334
0
0
0
0
0
260
0
0
0
0
0
0
0
0
0
302
0
0
0
0
0
0
0
269
0
218
234
0
0
0
0
0
305
269
0
0
0
237
266
0
0
0
0
0
0
0
288
253
0
259
0
0
0
0
0
218
0
0
264
0
309
327
0
0
0
0
0
257
288
0
237
0
305
268
270
0
0
0
0
215
0
0
0
292
0
0
0
0
0
0
0
0
309
0
272
298
0
0
0
243
0
0
0
0
271
0
0
0
245
350
0
0
0
0
0
0
0
0
0
301
0
0
0
0
0
293
0
0
238
339
0
305
254
0
327
0
0
0
0
252
0
0
231
0
219
0
0
285
239
0
0
297
260
279
0
0
0
228
0
0
260
0
0
271
288
0
0
0
0
0
0
0
0
229
0
0
285
0
0
0
0
0
0
0
201
314
0
0
0
0
276
278
0
279
0
211
0
0
0
0
0
0
0
0
0
0
0
0
242
0
0
0
0
280
0
271
0
0
249
246
0
0
0
284
0
293
0
0
0
0
0
0
0
0
0
338
254
253
0
0
0
0
306
287
293
0
0
0
256
286
0
0
0
0
0
0
0
0
0
0
322
0
278
0
279
0
0
0
312
0
0
264
0
0
0
0
281
0
0
307
0
0
0
0
227
241
0
0
364
0
0
0
0
280
0
0
270
244
0
0
254
0
0
259
0
0
0
310
0
0
308
0
271
0
0
0
0
0
0
262
242
0
0
0
0
0
257
0
0
224
0
0
0
0
270
0
0
268
259
0
0
0
0
0
0
0
0
311
0
0
0
0
0
0
0
0
0
0
0
296
0
0
0
262
256
315
0
0
0
0
294
0
0
0
265
0
0
0
236
292
269
285
0
0
0
0
0
0
0
361
257
355
0
0
309
272
277
0
0
0
311
0
0
0
0
0
0
255
0
0
0
0
268
0
0
304
276
190
0
0
0
0
0
0
0
0
295
267
0
0
236
0
225
0
0
0
0
0
0
0
254
0
0
0
0
258
0
0
0
231
0
318
0
260
253
0
0
236
0
0
0
0
0
0
0
0
0
0
218
0
0
0
0
263
285
0
0
0
0
0
0
318
0
307
0
0
0
0
0
0
0
0
0
227
0
0
278
0
303
246
0
314
0
0
0
296
0
0
302
0
0
0
0
301
0
0
0
324
0
0
0
0
262
0
0
279
0
0
339
0
162
0
250
0
0
0
0
0
0
0
0
235
261
0
272
0
309
0
0
0
0
212
0
0
0
0
0
291
292
312
0
181
0
0
0
0
274
270
260
281
0
230
0
0
0
215
252
230
0
0
0
0
264
0
290
324
0
0
0
0
0
247
0
0
0
291
0
0
256
0
307
0
299
0
0
0
0
0
0
217
0
0
0
0
241
0
0
0
0
0
0
0
0
0
0
0
0
0
0
244
0
0
294
338
333
0
263
0
280
0
0
0
0
0
0
0
0
274
0
0
0
0
0
0
0
0
0
107
285
248
0
0
0
0
0
0
0
342
0
0
0
0
315
0
0
0
0
308
0
241
0
0
318
274
0
0
285
0
0
0
0
0
0
0
383
320
0
0
262
354
0
0
0
0
246
0
0
0
0
0
283
0
0
249
0
0
298
242
0
231
261
0
0
233
233
0
0
192
298
0
0
0
0
0
246
274
323
0
283
0
0
0
0
0
0
0
0
320
0
0
266
0
0
0
0
286
0
0
0
279
274
0
262
0
0
199
252
0
0
0
0
0
243
0
0
0
0
287
217
0
0
0
0
0
0
0
277
0
0
305
337
0
0
0
0
306
167
0
0
0
231
0
231
312
0
269
0
0
0
0
0
290
219
0
188
0
0
0
0
0
0
0
352
301
0
274
0
0
231
262
0
0
0
0
275
0
0
0
0
0
0
0
337
290
0
308
0
0
0
0
228
293
0
361
0
260
0
0
0
0
0
245
0
0
318
0
0
302
0
0
0
0
0
289
0
0
260
0
0
0
242
340
0
0
0
0
277
312
0
0
183
0
0
230
0
264
0
0
0
0
331
310
0
330
0
0
0
0
0
0
0
0
0
0
245
0
0
271
0
0
0
0
0
0
0
271
0
0
256
0
0
0
0
0
0
253
0
0
0
0
0
0
243
0
0
0
241
0
298
249
245
0
0
0
0
0
0
0
0
0
0
0
223
0
296
0
0
0
0
0
0
0
0
0
0
0
0
0
0
0
326
0
0
0
333
0
0
0
309
308
0
0
287
0
0
0
0
0
0
0
0
0
0
0
0
290
325
0
246
0
0
286
0
0
346
0
0
291
224
0
237
0
0
0
295
0
0
0
333
0
0
0
0
264
0
0
0
254
194
0
265
0
0
0
0
0
242
0
0
0
0
0
0
286
0
0
0
0
205
0
0
270
0
301
282
307
0
238
0
281
0
0
290
291
285
216
0
0
0
0
239
0
0
248
0
0
0
0
0
206
246
0
0
162
372
259
0
241
0
0
231
279
0
209
0
0
0
0
241
0
0
207
0
0
0
0
0
307
291
0
0
0
0
0
0
0
330
0
326
0
0
280
0
0
0
0
310
0
0
0
0
0
0
0
0
0
0
0
0
0
0
0
0
0
0
0
0
0
267
0
0
0
0
304
282
212
0
192
284
0
0
295
0
0
0
0
0
0
0
335
0
278
250
0
0
327
321
0
0
0
0
0
277
312
288
0
179
0
0
0
0
0
245
214
0
0
0
0
0
0
315
0
0
270
0
254
300
0
248
0
0
0
270
0
265
249
0
0
0
0
0
0
218
0
0
0
0
0
0
278
0
0
288
0
0
0
0
0
318
0
0
0
0
0
0
0
0
0
0
0
276
320
0
0
0
0
274
0
0
0
0
257
0
0
269
268
344
257
0
290
0
0
0
162
0
0
0
0
329
0
0
0
281
0
230
309
242
278
0
222
0
0
337
0
0
0
0
318
0
272
0
296
268
0
272
0
0
282
0
0
0
0
314
312
0
0
0
0
0
285
0
0
267
0
0
0
278
0
308
0
0
0
315
304
0
0
0
309
0
0
0
300
291
0
0
0
0
251
0
0
0
289
0
0
0
280
0
0
0
0
0
0
0
0
0
263
0
0
346
0
0
0
0
339
0
0
282
0
0
218
247
352
0
0
0
0
280
0
0
0
0
261
0
291
0
0
0
248
0
0
0
0
218
0
0
280
0
0
0
0
0
0
268
0
273
277
234
259
0
213
0
0
0
0
0
310
0
0
0
256
0
0
0
0
0
277
301
0
281
0
0
0
0
0
241
0
321
0
253
0
0
284
0
0
0
224
264
0
0
0
0
0
0
0
241
0
0
0
0
211
289
0
274
0
0
0
0
0
0
0
0
282
239
0
0
0
0
277
315
0
0
0
0
0
309
0
0
0
0
0
0
278
313
270
248
0
0
0
0
0
0
262
0
0
0
0
286
0
0
189
0
0
281
303
0
0
0
0
0
316
0
313
0
0
256
0
267
0
0
0
0
0
0
238
0
292
0
278
297
0
0
0
0
0
273
0
269
0
0
0
257
0
0
250
0
0
0
0
0
0
0
0
0
0
301
299
0
0
0
0
273
0
0
0
278
0
0
240
0
0
0
219
0
0
0
0
0
0
0
294
0
242
0
0
0
257
311
0
0
0
299
303
0
0
0
0
0
0
334
0
0
0
0
0
0
0
0
291
0
0
0
0
0
0
0
0
0
0
0
290
0
0
0
0
0
224
0
300
0
275
0
0
0
0
0
0
0
0
0
0
0
299
0
307
0
0
322
0
0
297
0
0
0
329
271
214
0
0
0
0
0
0
0
214
0
0
0
217
0
193
361
323
306
321
0
0
0
0
235
0
278
0
0
0
310
254
0
0
314
0
0
0
0
267
275
0
0
0
0
0
0
0
0
0
168
0
0
255
0
293
0
282
0
0
0
0
0
0
0
336
0
0
0
275
262
0
0
0
0
372
0
361
0
0
0
0
0
280
287
280
0
278
257
0
0
0
0
0
287
255
0
0
0
0
0
232
0
282
0
222
0
0
0
0
0
0
0
0
0
0
287
0
0
0
229
0
0
285
0
0
0
0
0
0
0
0
0
304
0
0
0
312
306
0
340
0
0
236
0
0
0
289
0
0
256
0
259
0
0
0
0
0
0
271
0
0
0
0
329
258
174
0
0
314
0
0
0
0
0
0
0
0
0
335
0
0
0
287
0
185
0
0
283
0
0
0
291
0
0
0
0
0
0
0
0
256
0
171
0
0
333
0
215
0
0
0
292
256
307
0
0
237
0
0
0
0
304
0
0
0
0
0
268
0
0
0
261
267
0
286
0
0
0
0
279
0
0
0
0
0
0
0
240
0
0
239
227
0
244
0
354
0
262
0
323
0
0
0
0
243
0
0
264
217
268
0
0
326
292
301
0
0
0
0
0
272
296
0
0
0
0
0
285
0
0
0
0
0
261
281
0
0
275
0
0
0
274
0
0
0
0
0
0
294
0
294
235
0
0
0
0
0
0
288
287
0
329
0
0
0
0
305
0
0
0
0
0
279
0
0
264
0
0
0
0
0
231
250
0
0
0
0
0
0
0
306
0
0
0
0
314
0
0
332
293
344
0
259
0
0
0
283
0
301
0
290
0
0
245
0
237
0
0
200
0
0
306
0
0
0
269
0
287
0
0
298
0
0
0
0
275
0
0
0
250
0
221
236
320
233
0
0
0
285
0
0
280
0
0
0
266
286
0
288
0
0
0
0
0
247
0
0
0
0
306
264
0
0
0
230
323
0
0
0
0
286
0
0
0
260
0
288
0
300
0
0
241
0
0
294
211
0
234
213
0
298
276
296
0
0
294
0
0
273
0
0
0
0
257
218
254
0
0
0
0
0
297
0
0
0
275
264
0
0
0
0
0
0
0
0
0
0
312
0
0
0
313
273
0
0
0
291
0
243
0
0
0
260
0
278
0
269
277
250
0
0
0
0
0
317
285
0
0
0
257
0
0
0
0
272
0
0
0
0
0
0
321
294
0
0
0
0
0
0
157
0
0
160
279
0
324
0
0
0
0
0
0
0
0
272
0
0
0
0
0
276
302
0
0
0
222
260
0
0
254
0
296
0
0
0
238
297
252
0
274
0
247
301
0
271
357
0
0
0
0
0
284
0
0
246
274
0
282
259
0
0
0
0
0
0
278
0
0
0
0
0
270
0
0
0
0
0
252
218
306
0
267
0
282
0
297
286
285
0
0
252
0
0
302
0
0
0
0
212
0
0
0
0
0
0
0
276
304
0
265
0
0
0
269
0
0
318
0
0
0
0
325
0
0
0
0
312
0
0
0
0
0
0
0
269
0
0
290
0
260
0
287
0
265
0
0
325
0
0
0
0
0
0
249
0
0
0
331
0
0
0
0
0
0
0
0
306
283
250
0
0
0
0
0
0
215
0
0
0
0
265
279
316
0
0
0
0
0
0
0
0
333
267
192
258
0
278
0
0
234
0
0
0
0
0
0
0
273
0
0
261
0
294
0
0
272
300
0
0
284
0
0
265
262
0
0
0
318
271
228
209
286
0
0
0
0
294
0
0
315
0
0
0
0
0
257
271
0
267
0
0
0
0
0
0
0
0
275
0
277
0
0
0
0
270
0
0
0
253
0
0
239
0
292
0
0
307
0
238
229
0
255
299
332
0
0
286
242
0
0
0
0
0
0
0
0
248
285
277
284
0
0
301
0
0
255
0
287
0
303
0
244
0
286
0
40
0
0
293
0
0
0
0
0
0
266
0
0
228
224
0
0
264
0
0
0
256
255
0
0
0
295
0
0
0
0
0
0
292
255
270
0
0
258
263
157
0
0
294
0
288
0
0
0
314
282
259
0
0
0
0
0
279
0
230
0
321
297
291
0
0
332
292
0
0
253
245
0
0
0
299
0
283
0
0
0
0
0
0
0
0
0
0
0
0
222
0
0
313
299
233
0
0
0
0
0
0
0
0
0
247
0
0
0
223
288
286
305
273
0
251
303
0
0
0
0
0
0
0
0
0
308
268
0
0
0
0
0
272
240
0
337
236
0
0
0
0
0
255
301
269
243
310
0
0
0
303
0
0
249
0
214
0
0
0
0
0
220
0
328
0
0
0
0
0
0
0
0
0
272
0
246
0
0
0
0
0
0
0
0
0
302
126
0
0
0
196
281
0
0
269
0
0
260
0
259
0
287
267
257
0
302
0
280
0
0
0
0
0
302
271
290
0
0
0
238
0
0
302
0
0
0
0
343
0
0
246
247
0
0
239
0
236
0
252
311
0
0
241
0
0
0
0
0
0
312
0
289
0
217
0
0
0
0
0
217
0
0
229
296
316
0
232
258
0
0
239
0
0
0
0
0
0
0
0
0
0
254
238
0
281
0
0
0
254
0
0
0
327
0
0
0
0
278
0
225
0
205
0
0
270
0
0
0
0
0
239
307
0
0
0
0
0
0
0
312
0
0
0
0
289
0
0
0
0
0
0
297
239
279
0
0
0
0
258
0
262
226
0
0
318
0
181
287
0
0
0
0
0
0
0
249
287
243
262
0
0
302
295
0
219
0
379
0
0
0
293
195
0
311
261
0
0
237
221
0
0
0
0
0
0
0
0
211
0
0
221
0
0
295
0
0
0
245
0
0
225
250
0
0
310
0
0
318
0
0
0
0
0
0
0
0
0
0
0
245
271
0
0
0
0
237
0
0
274
0
0
0
0
276
249
288
0
0
0
282
0
0
300
215
0
244
0
0
0
312
298
0
0
266
0
0
0
257
0
0
0
292
0
216
0
0
0
0
0
319
243
0
207
0
0
0
0
0
297
0
0
0
286
0
204
0
0
0
0
0
0
0
283
0
0
0
0
265
0
284
0
0
0
0
0
0
0
0
0
0
288
295
249
259
277
0
236
0
0
0
0
0
0
0
182
217
0
0
0
0
0
300
0
277
0
0
163
0
0
303
0
0
0
0
0
305
0
0
284
0
310
0
258
0
0
0
0
0
250
0
0
0
0
313
0
0
0
0
189
0
0
0
286
0
233
227
0
0
304
0
0
248
0
0
0
297
0
0
274
235
237
0
0
241
0
0
339
0
0
0
0
0
0
0
0
0
0
0
0
0
268
0
0
225
0
0
295
263
0
288
0
234
0
0
0
253
0
293
0
255
289
279
0
0
274
0
186
0
312
0
0
0
272
0
0
0
0
284
0
0
242
0
299
0
261
0
269
0
231
0
0
0
0
0
0
0
0
0
0
0
0
284
0
0
0
0
0
0
0
324
0
0
297
284
0
0
0
242
0
0
211
0
0
267
0
0
254
0
0
236
281
0
242
242
0
288
0
317
0
319
0
0
0
0
299
303
0
0
0
0
267
0
293
294
0
0
0
270
0
0
0
283
0
0
0
233
0
0
0
0
345
0
0
0
0
0
0
0
0
0
0
284
0
0
274
0
0
0
270
261
0
0
0
274
0
0
0
0
240
0
0
261
257
318
0
221
0
0
265
0
0
334
0
0
254
241
308
0
0
0
0
0
319
0
299
241
0
0
0
215
277
0
0
262
0
0
275
0
320
0
0
0
0
0
213
301
0
274
331
204
0
219
278
0
0
0
0
0
0
0
0
315
305
0
315
250
255
0
0
0
304
0
0
0
0
0
0
0
277
0
306
0
0
0
0
281
273
0
311
0
0
230
0
0
0
257
0
252
0
0
0
264
0
0
275
0
0
0
0
253
247
0
0
0
0
283
0
0
0
271
247
207
0
0
0
0
0
0
0
248
229
0
0
0
0
0
320
293
0
0
272
0
227
282
301
0
0
277
234
273
0
212
0
0
267
0
269
0
289
324
218
0
305
0
0
246
0
0
0
0
0
321
223
274
0
0
0
0
0
238
0
0
247
248
0
0
0
290
0
0
0
0
311
298
0
338
0
211
0
0
0
0
0
0
0
0
0
280
0
0
0
0
0
0
282
129
317
0
0
0
0
0
249
0
0
192
323
231
0
0
0
357
0
0
0
0
0
0
0
0
263
0
292
0
0
0
281
258
0
0
0
0
0
272
0
0
0
0
0
0
0
275
0
0
0
0
0
0
0
0
330
341
0
359
0
0
0
0
281
0
0
0
0
300
237
0
0
308
254
0
0
0
0
240
252
272
271
0
0
264
288
0
0
0
0
0
0
0
0
0
256
0
0
0
0
259
76
0
0
0
261
339
0
279
316
292
0
305
0
260
0
0
289
0
0
0
0
207
0
295
0
0
0
0
0
0
258
0
297
253
275
0
0
273
0
0
0
220
0
0
0
294
0
0
321
332
280
280
259
0
259
266
0
0
0
0
0
0
0
0
263
287
0
0
326
0
0
0
0
0
303
0
0
0
0
0
0
0
182
228
0
0
266
0
283
0
0
265
0
0
0
0
0
0
344
279
0
0
0
0
0
0
292
335
0
0
0
0
0
0
0
0
0
0
0
0
251
253
283
0
0
0
345
300
0
0
253
260
0
0
0
248
0
0
0
0
0
294
0
0
0
0
284
316
0
289
0
0
0
313
0
0
0
0
0
0
260
0
0
0
0
0
0
298
0
0
0
259
0
0
0
311
0
0
0
246
250
0
0
0
0
0
0
0
253
0
0
0
276
0
0
0
0
0
0
0
0
280
0
0
260
0
259
0
239
301
284
0
0
0
0
0
0
0
0
266
319
0
0
283
265
0
0
0
0
283
0
0
1
0
0
0
302
0
216
0
310
0
286
0
0
282
0
0
297
0
195
0
0
295
0
0
0
295
0
244
0
0
0
0
0
0
0
330
283
0
0
0
0
0
271
0
199
0
0
0
221
0
0
278
0
0
0
250
0
0
0
0
226
0
0
279
0
0
0
0
0
274
0
222
0
317
0
252
278
261
0
0
0
0
324
262
314
232
0
0
189
0
0
0
0
0
223
0
0
0
0
0
0
341
0
0
0
0
0
0
275
298
0
0
0
296
0
0
287
0
0
0
0
282
0
0
267
0
0
0
0
0
0
302
290
0
0
0
0
0
0
0
315
0
0
0
0
0
0
0
0
0
279
0
286
0
0
0
259
245
0
0
0
0
0
221
0
257
0
0
255
0
226
0
0
0
0
0
0
0
0
0
260
227
0
0
0
0
0
0
0
234
0
0
0
0
0
0
270
0
262
255
0
303
0
0
0
0
274
0
0
234
0
0
0
0
0
313
0
0
0
0
280
0
264
293
0
305
0
0
0
0
0
302
0
0
0
0
0
0
0
0
231
371
306
0
234
0
0
0
264
0
249
0
0
0
277
296
0
0
0
0
0
0
0
0
0
268
291
0
0
0
313
0
280
0
266
313
0
0
293
299
299
295
0
263
0
0
0
0
0
0
0
0
0
302
309
0
0
0
0
0
0
252
0
0
0
0
0
258
0
0
0
0
0
0
0
0
0
0
0
291
0
0
314
0
0
0
0
0
287
250
316
0
0
0
247
0
0
286
0
0
0
0
0
0
289
0
0
0
0
0
0
0
0
226
0
0
0
0
251
277
0
0
0
0
0
0
0
0
0
287
0
243
0
0
0
294
0
0
0
0
0
0
0
0
0
0
0
0
0
0
0
0
251
219
0
0
0
0
0
292
0
0
0
0
0
0
261
299
0
265
0
257
293
0
233
296
0
0
0
0
0
0
0
0
263
0
0
0
0
0
281
0
231
0
0
0
0
0
0
0
0
0
0
289
0
0
0
0
0
313
0
0
0
0
0
246
0
0
0
0
251
303
0
0
0
0
0
0
0
0
0
0
0
0
0
0
0
0
0
0
0
0
314
0
0
0
295
0
0
284
299
0
263
0
0
0
0
0
0
238
312
229
0
243
0
224
0
0
0
336
309
0
0
0
0
0
279
0
0
0
206
266
294
0
0
0
0
0
0
0
271
0
0
0
0
0
0
0
0
0
0
0
279
0
239
0
0
247
0
264
0
327
263
0
0
0
0
232
0
244
243
0
359
0
0
231
0
0
246
0
288
268
0
0
0
282
0
0
0
0
0
0
321
0
264
0
307
269
296
0
302
311
0
259
0
0
0
242
0
