1095
1101
1104
1101
1115
1096
1116
1163
1107
1070
1193
1140
1135
1106
1154
1092
1175
1081
1137
1167
1138
1081
1087
1147
1143
1185
1165
1135
1216
1169
1063
1108
1077
1149
1102
1102
1128
1127
1108
1195
1164
1118
1153
1120
1120
1127
1066
1110
1125
1172
1183
1113
1061
1110
1130
1116
1127
1085
1107
1169
1107
1123
1142
1045
1048
1117
1169
1143
1115
1109
1105
1132
1139
1106
1113
1183
1106
1076
1149
1143
1108
1160
1165
1128
1133
1174
1127
1166
1164
1117
1148
1127
1149
1165
1205
1099
1184
1170
1121
1123
