0
256
0
0
0
0
0
0
0
0
0
0
0
0
0
0
0
0
0
0
0
0
0
0
0
0
0
0
0
0
0
246
201
0
0
0
0
0
0
0
0
0
0
0
0
0
0
0
0
0
0
232
0
282
0
0
0
278
0
0
0
0
0
0
0
0
0
0
0
0
0
0
0
0
0
0
232
0
0
0
0
0
0
0
0
0
0
0
0
211
0
0
0
0
0
0
211
0
0
0
262
0
250
0
0
0
0
0
0
0
0
238
0
0
0
0
0
0
0
166
0
0
0
0
0
0
0
228
0
0
0
0
0
0
0
0
0
0
0
0
200
0
0
0
0
0
0
205
225
0
0
0
0
0
0
0
0
0
0
0
0
0
0
0
0
0
0
0
237
0
0
0
0
0
0
243
0
0
0
0
0
0
222
0
0
0
0
0
0
0
0
264
0
0
0
0
0
0
0
0
0
0
0
0
0
0
211
0
0
0
0
0
0
216
0
0
0
0
0
0
0
0
0
0
0
0
0
206
0
0
0
0
0
0
241
0
0
0
0
0
0
0
231
0
0
0
0
0
0
0
270
0
0
0
180
0
0
0
0
191
279
224
0
0
0
0
0
0
0
217
0
0
0
0
0
0
0
0
0
0
0
0
210
0
0
0
0
0
0
0
0
0
0
0
0
0
0
215
0
0
261
0
0
0
0
0
0
0
219
204
0
231
0
0
0
0
0
0
0
0
0
0
0
0
0
0
0
0
0
0
0
0
0
0
237
0
0
0
0
0
0
0
181
0
0
0
0
0
0
0
0
0
0
0
0
0
0
0
0
0
0
210
0
0
0
0
0
0
227
0
0
0
0
0
0
0
0
0
0
0
253
0
0
0
0
0
0
0
0
0
0
0
0
0
0
0
216
0
0
0
0
0
0
0
0
0
0
0
0
0
244
0
232
0
0
0
0
0
0
0
0
0
0
0
0
191
0
0
0
0
0
281
0
0
0
0
0
0
0
0
0
0
0
0
0
0
0
0
0
0
0
0
0
0
0
0
0
0
0
0
0
0
0
0
0
0
0
217
0
251
0
0
0
0
0
0
0
0
0
0
0
0
195
0
0
0
0
206
0
0
0
0
0
0
0
231
0
0
0
0
0
250
0
251
0
0
0
0
0
0
0
0
0
0
0
0
0
0
0
0
0
248
258
0
0
200
0
0
0
0
0
0
0
209
0
0
0
0
0
0
0
0
0
0
0
0
0
0
0
0
0
0
0
0
0
0
0
0
0
0
0
0
0
258
0
0
0
0
0
214
0
247
0
0
0
0
0
0
0
0
0
0
0
0
0
0
0
0
0
0
0
0
0
0
0
0
0
0
0
0
0
0
0
0
0
0
0
0
0
0
0
0
0
0
0
245
0
0
0
0
0
0
0
0
0
0
0
251
0
0
0
0
0
205
0
0
0
0
0
0
0
0
0
0
0
0
0
0
0
0
0
0
0
0
0
0
0
257
0
210
0
0
0
0
0
0
0
0
0
0
0
0
0
0
0
249
0
0
0
0
0
287
0
0
0
0
215
0
0
0
0
0
0
0
0
261
0
0
0
0
0
232
0
0
0
0
0
264
0
0
256
195
0
0
0
0
0
0
0
0
0
0
0
232
0
0
220
0
0
0
0
0
0
0
0
0
0
0
0
0
0
0
0
0
0
0
0
0
0
0
0
0
252
0
0
0
0
0
0
0
0
0
220
0
0
0
0
220
0
0
0
0
0
0
0
0
0
247
0
0
0
0
0
0
0
0
0
0
0
213
0
0
0
0
214
0
0
0
0
0
0
0
0
0
0
0
0
0
0
245
0
176
0
0
0
0
0
0
0
0
0
214
0
0
202
0
277
0
0
0
0
0
0
0
0
266
0
0
0
180
0
0
0
0
0
0
0
0
0
0
0
0
0
0
0
0
0
0
0
0
226
0
0
0
0
0
0
0
0
0
0
0
0
0
0
0
0
0
0
198
0
0
0
0
0
0
0
0
218
0
0
0
0
0
0
0
0
256
0
231
0
0
0
0
243
0
0
0
0
0
0
0
0
0
0
0
0
0
0
0
0
0
0
0
242
250
0
0
0
0
0
0
0
0
0
0
0
0
0
0
240
0
0
239
0
0
0
0
233
0
0
284
0
191
0
0
230
226
0
0
0
0
0
0
0
0
199
0
0
0
0
0
0
0
0
0
0
0
0
0
0
0
0
0
0
0
0
0
0
0
0
0
232
194
0
0
0
0
0
0
