1273
1267
1341
1248
1305
1317
1276
1229
1275
1256
1246
1264
1305
1346
1286
1295
1249
1311
1253
1263
1269
1314
1329
1298
1358
1296
1291
1330
1248
1308
1263
1346
1324
1301
1304
1299
1265
1288
1230
1318
1335
1286
1247
1264
1285
1309
1265
1273
1306
1265
1272
1326
1273
1323
1240
1246
1249
1310
1303
1316
1322
1283
1264
1261
1285
1311
1322
1301
1268
1263
1256
1335
1355
1290
1318
1262
1397
1316
1312
1267
1337
1277
1342
1265
1325
1277
1249
1253
1314
1303
1306
1296
1307
1280
1297
1329
1271
1243
1293
1323
