0
0
0
0
0
0
0
0
0
177
0
0
184
0
0
0
230
0
0
0
0
0
0
0
0
0
0
236
0
0
0
0
0
0
0
0
0
0
0
212
0
0
0
0
0
0
0
0
0
0
0
231
0
237
0
0
0
234
0
0
0
0
0
0
0
214
0
0
0
0
0
0
0
0
212
0
0
0
0
251
0
0
0
0
0
221
0
0
0
0
0
0
0
0
0
0
0
228
0
0
0
0
0
0
0
0
227
0
0
0
0
0
181
0
0
0
0
0
0
0
0
0
0
0
0
0
185
209
0
0
0
0
0
0
0
0
0
0
0
0
0
222
224
0
0
0
0
0
0
0
0
0
0
0
0
0
0
0
252
0
0
0
0
0
0
0
0
0
0
0
235
0
218
0
228
0
0
0
0
0
0
0
0
256
0
0
0
0
220
0
0
0
0
0
0
0
0
0
0
0
0
212
0
0
0
0
0
0
0
0
0
219
0
0
0
0
0
0
0
244
0
0
0
0
0
0
0
0
0
0
0
0
0
0
0
195
0
0
0
271
0
0
0
0
0
0
0
0
0
0
0
0
227
0
0
0
0
0
0
0
0
0
0
0
0
0
0
0
236
0
218
0
0
0
0
0
0
0
0
0
205
0
198
0
0
0
0
222
0
0
229
0
0
0
0
0
0
0
0
292
237
0
0
0
0
0
0
236
211
0
0
0
0
0
0
0
0
0
0
0
0
0
0
0
0
200
0
0
0
0
0
0
0
245
0
0
243
0
241
0
0
0
0
290
0
0
0
0
0
0
0
0
0
288
0
182
0
0
0
0
0
0
0
0
0
277
0
0
0
199
0
0
0
0
0
0
0
0
0
234
218
0
0
0
0
0
0
0
0
0
0
0
0
0
0
0
0
0
0
0
0
238
0
0
0
0
0
0
0
0
0
0
176
0
0
258
0
0
0
0
0
0
0
0
0
235
0
0
0
248
228
213
0
0
196
0
0
0
0
0
0
0
0
0
0
210
0
194
0
0
0
223
0
0
232
0
0
278
0
0
0
0
0
0
0
0
0
0
0
237
0
0
230
0
0
0
0
0
0
0
0
249
0
0
0
0
240
0
0
0
0
0
0
0
0
0
244
0
0
0
0
0
0
0
251
0
0
195
0
222
205
0
0
0
151
0
0
0
253
0
0
0
0
0
0
0
0
0
0
0
0
212
216
0
0
187
0
0
0
0
0
0
0
0
0
0
0
0
0
0
212
0
0
0
0
0
0
0
0
0
0
0
0
0
210
0
260
0
0
0
0
0
0
0
0
0
0
0
0
0
0
0
0
0
0
0
0
0
0
0
0
0
0
0
0
0
0
0
0
0
0
0
0
0
0
0
0
0
218
0
0
0
0
0
0
0
0
0
0
0
0
0
0
222
0
0
0
0
0
0
0
0
0
0
0
0
0
0
0
0
0
0
200
0
268
225
201
0
0
0
238
0
0
0
242
0
0
0
0
0
0
0
0
0
0
0
0
0
0
0
0
0
0
0
0
0
0
188
0
0
0
250
0
0
0
0
0
0
0
0
0
0
213
223
0
0
0
0
259
0
0
0
0
0
0
0
0
0
0
0
0
0
0
0
0
0
0
0
0
0
0
0
0
0
0
0
0
0
260
0
253
0
0
0
0
0
0
0
0
221
0
0
0
0
0
0
0
0
0
0
0
0
0
0
0
0
0
0
0
0
0
0
0
0
0
0
103
0
0
0
0
0
0
0
0
0
0
0
0
0
0
0
0
258
0
245
0
0
0
0
270
0
0
0
0
0
0
0
0
0
0
0
0
0
235
0
0
225
0
0
0
0
0
0
0
0
0
0
269
0
0
0
0
0
0
0
0
0
0
0
0
211
192
0
277
198
0
0
203
213
0
0
0
0
260
273
203
0
0
0
0
0
0
0
0
0
0
0
0
0
0
0
0
0
0
0
0
0
34
0
0
273
0
0
0
0
0
0
0
0
0
0
0
0
0
0
0
0
0
0
0
0
0
0
0
0
0
0
213
0
0
165
239
0
0
0
0
0
236
0
0
0
0
226
0
0
0
0
0
0
0
0
211
208
0
0
0
0
0
223
0
0
241
0
0
0
0
0
229
0
0
0
0
0
0
0
0
0
235
197
0
0
0
0
0
0
0
0
0
0
0
0
217
0
0
0
0
0
0
0
0
0
0
0
0
0
0
0
195
0
0
0
0
0
0
0
0
0
0
0
0
0
0
0
0
245
0
0
0
188
