237
259
305
292
287
279
323
301
256
289
268
240
0
257
266
293
292
321
285
283
255
284
285
0
264
292
238
295
0
288
311
296
292
259
275
291
247
258
250
270
243
210
303
279
285
203
276
301
223
258
307
254
289
253
302
250
248
0
278
270
232
276
305
258
175
287
302
330
301
258
307
260
289
305
229
280
235
222
276
266
283
275
247
238
297
216
244
219
309
217
0
191
318
303
291
295
299
101
268
253
292
335
279
278
312
236
283
288
254
262
242
324
283
266
192
284
199
266
219
289
274
293
280
319
303
271
281
231
284
276
247
242
260
311
296
258
289
321
295
279
250
266
247
230
305
276
308
258
274
295
247
256
331
324
291
251
298
243
265
279
272
263
287
310
282
256
211
310
342
286
301
276
247
303
246
305
220
261
254
319
304
273
232
271
248
301
287
318
243
249
267
266
336
300
305
247
276
277
268
331
