0
0
0
0
0
0
0
0
0
0
0
0
0
0
0
0
210
0
0
0
0
0
0
0
0
0
0
24
0
0
0
0
0
0
0
0
0
0
0
0
0
0
0
0
0
0
0
0
0
0
0
216
0
239
0
0
0
0
0
0
0
0
0
0
0
0
0
0
0
0
0
0
0
0
0
0
0
0
0
223
0
0
0
0
0
203
0
0
0
0
0
0
0
0
0
0
0
0
0
0
0
0
0
0
0
0
0
0
0
0
0
0
0
0
0
0
0
0
0
0
0
0
0
0
0
0
0
0
0
0
0
0
0
0
0
0
0
0
0
0
0
0
206
0
0
0
0
0
0
0
0
0
0
0
0
0
0
0
212
0
0
0
0
0
0
0
0
0
0
0
181
0
201
0
208
0
0
0
0
0
0
0
0
246
0
0
0
0
0
0
0
0
0
0
0
0
0
0
0
0
0
0
0
0
0
0
0
0
0
0
0
212
0
0
0
0
0
0
0
227
0
0
0
0
0
0
0
0
0
0
0
0
0
0
0
171
0
0
0
234
0
0
0
0
0
0
0
0
0
0
0
0
204
0
0
0
0
0
0
0
0
0
0
0
0
0
0
0
217
0
201
0
0
0
0
0
0
0
0
0
0
0
179
0
0
0
0
208
0
0
211
0
0
0
0
0
0
0
0
285
237
0
0
0
0
0
0
0
208
0
0
0
0
0
0
0
0
0
0
0
0
0
0
0
0
0
0
0
0
0
0
0
0
233
0
0
246
0
0
0
0
0
0
286
0
0
0
0
0
0
0
0
0
266
0
0
0
0
0
0
0
0
0
0
0
264
0
0
0
0
0
0
0
0
0
0
0
0
0
0
222
0
0
0
0
0
0
0
0
0
0
0
0
0
0
0
0
0
0
0
0
191
0
0
0
0
0
0
0
0
0
0
0
0
0
244
0
0
0
0
0
0
0
0
0
89
0
0
0
227
206
0
0
0
189
0
0
0
0
0
0
0
0
0
0
169
0
189
0
0
0
0
0
0
244
0
0
266
0
0
0
0
0
0
0
0
0
0
0
230
0
0
218
0
0
0
0
0
0
0
0
240
0
0
0
0
215
0
0
0
0
0
0
0
0
0
0
0
0
0
0
0
0
0
218
0
0
0
0
181
14
0
0
0
0
0
0
0
247
0
0
0
0
0
0
0
0
0
0
0
0
193
0
0
0
0
0
0
0
0
0
0
0
0
0
0
0
0
0
0
0
0
0
0
0
0
0
0
0
0
0
0
0
0
0
0
248
0
0
0
0
0
0
0
0
0
0
0
0
0
0
0
0
0
0
0
0
0
0
0
0
0
0
0
0
0
0
0
0
0
0
0
0
0
0
0
0
0
0
0
0
0
0
0
0
0
0
0
0
0
0
0
0
0
0
0
0
0
0
0
0
0
0
0
0
0
0
0
0
0
0
0
206
0
269
0
169
0
0
0
0
0
0
0
0
0
0
0
0
0
0
0
0
0
0
0
0
0
0
0
0
0
0
0
0
0
0
0
0
0
0
240
0
0
0
0
0
0
0
0
0
0
207
197
0
0
0
0
224
0
0
0
0
0
0
0
0
0
0
0
0
0
0
0
0
0
0
0
0
0
0
0
0
0
0
0
0
0
250
0
239
0
0
0
0
0
0
0
0
0
0
0
0
0
0
0
0
0
0
0
0
0
0
0
0
0
0
0
0
0
0
0
0
0
0
0
0
0
0
0
0
0
0
0
0
0
0
0
0
0
0
0
0
247
0
225
0
0
0
0
268
0
0
0
0
0
0
0
0
0
0
0
0
0
206
0
0
0
0
0
0
0
0
0
0
0
0
0
262
0
0
0
0
0
0
0
0
0
0
0
0
192
0
0
258
0
0
0
0
195
0
0
0
0
251
265
214
0
0
0
0
0
0
0
0
0
0
0
0
0
0
0
0
0
0
0
0
0
0
0
0
231
0
0
0
0
0
0
0
0
0
0
0
0
0
0
0
0
0
0
0
0
0
0
0
0
0
0
0
0
0
0
225
0
0
0
0
0
242
0
0
0
0
123
0
0
0
0
0
0
0
0
174
0
0
0
0
0
0
0
0
0
221
0
0
0
0
0
224
0
0
0
0
0
0
0
0
0
219
198
0
0
0
0
0
0
0
0
0
0
0
0
208
0
0
0
0
0
0
0
0
0
0
0
0
0
0
0
0
0
0
0
0
0
0
0
0
0
0
0
0
0
0
0
0
235
0
0
0
0
