207
0
284
259
247
0
286
252
217
222
260
0
0
0
0
233
242
299
171
0
0
220
230
0
0
0
0
265
0
194
256
264
248
0
208
244
169
0
0
243
216
0
294
222
236
0
225
254
0
0
263
0
231
0
277
0
0
0
271
207
193
187
271
0
0
242
274
308
247
234
272
208
204
262
0
244
0
0
232
0
0
197
178
0
264
0
0
0
282
0
0
0
306
269
256
266
266
0
0
0
234
293
260
0
251
0
227
220
80
36
0
288
213
209
0
0
0
0
0
234
245
269
230
299
252
210
228
232
0
138
0
0
0
264
239
210
243
266
252
230
0
189
191
0
247
0
281
0
223
236
0
222
302
294
255
210
271
0
221
221
0
215
244
287
229
217
0
284
311
251
265
189
0
262
0
292
0
210
0
289
267
244
0
238
189
254
246
274
0
0
0
0
286
255
269
229
0
233
222
300
