381
371
420
413
388
380
429
394
380
379
379
382
311
379
348
403
382
427
397
403
398
377
405
348
364
390
378
395
341
403
416
393
393
395
385
393
359
378
378
380
382
363
392
391
382
351
382
388
369
381
412
361
387
350
407
374
374
330
390
372
358
385
410
361
348
394
383
425
395
357
395
376
391
416
362
375
341
341
389
378
379
392
368
332
404
361
376
342
426
381
350
348
404
416
394
397
384
308
378
400
406
425
401
388
381
377
393
400
372
374
383
404
393
367
346
383
364
360
366
379
383
368
384
408
402
389
387
369
383
371
377
347
365
415
395
350
399
407
418
376
374
371
383
356
397
381
398
368
362
415
349
371
435
406
393
363
379
370
373
371
362
366
408
413
377
360
360
395
434
370
398
388
357
385
360
391
364
385
386
408
398
383
349
382
362
407
403
424
368
348
345
376
422
428
400
363
379
373
362
430
