368
350
331
404
362
325
373
385
383
378
365
361
388
376
379
392
396
353
381
357
386
365
392
398
405
367
349
389
406
341
436
394
375
375
420
349
408
376
384
368
394
319
384
365
376
414
391
404
376
368
438
359
364
367
425
381
354
372
399
392
393
386
369
409
413
374
423
393
333
417
387
359
365
380
403
390
391
397
381
421
325
425
390
434
411
373
424
391
427
364
328
390
377
395
408
380
399
407
346
402
393
410
356
405
324
386
371
383
406
350
323
395
414
384
408
375
367
379
412
368
392
383
383
414
365
413
369
379
381
414
399
398
416
380
394
409
369
406
382
382
386
368
431
379
409
344
382
356
368
358
375
391
360
399
408
350
336
363
363
352
366
349
389
377
380
380
434
418
369
379
363
397
362
399
401
382
453
402
389
388
425
382
359
376
359
390
355
393
384
318
389
382
369
367
374
376
386
404
384
383
