269
187
157
320
198
8
282
288
304
265
239
243
307
267
291
288
274
263
287
213
273
271
299
314
307
230
265
266
298
0
316
319
260
248
291
236
296
260
282
270
301
0
280
199
253
286
276
266
274
257
311
218
261
282
349
248
236
259
295
287
278
238
275
325
317
254
324
272
138
312
266
148
256
277
262
305
290
276
279
298
187
331
288
332
287
256
298
305
330
273
229
243
255
281
330
273
283
319
274
279
287
321
226
329
0
290
252
294
314
243
252
314
295
288
287
261
267
254
289
248
273
274
255
310
214
309
251
265
275
318
305
291
309
259
327
305
271
301
261
250
277
261
326
264
291
248
260
246
245
232
245
298
281
295
286
254
225
252
260
206
259
223
278
245
273
240
334
289
245
264
254
303
250
287
295
271
364
282
278
278
334
255
181
256
161
278
231
283
283
183
286
256
277
249
285
273
285
288
286
290
