0
0
0
0
0
186
239
0
0
174
0
0
235
0
0
0
238
0
0
0
107
0
0
0
155
0
0
0
0
197
0
0
0
0
0
244
0
0
0
0
187
233
0
0
0
0
0
0
0
0
0
19
0
0
0
0
0
0
0
0
0
0
0
0
256
0
0
0
274
0
0
228
0
0
0
0
155
266
0
0
0
0
0
0
0
0
0
0
0
140
247
0
0
0
39
233
0
0
0
0
251
0
0
0
215
0
0
0
199
0
230
0
0
0
0
0
289
0
0
0
0
0
0
0
0
237
0
0
0
240
0
130
204
0
192
0
0
0
0
0
0
0
0
0
0
261
0
218
0
0
193
0
247
0
0
0
0
0
0
0
0
0
0
182
272
0
0
0
0
0
2
0
0
0
0
0
0
0
0
0
142
237
0
256
0
0
212
0
0
0
0
0
0
0
0
193
0
0
0
0
0
236
230
0
0
0
0
164
0
238
0
0
49
163
208
0
277
0
0
0
0
119
0
0
0
0
242
0
0
170
0
0
0
0
0
212
213
0
0
0
0
0
0
177
0
0
223
107
126
265
0
0
0
124
218
0
0
163
0
0
0
0
0
0
0
0
238
0
0
0
247
0
0
0
0
0
0
0
50
242
0
0
0
0
0
32
0
174
0
0
212
0
184
0
227
0
0
0
0
4
0
0
0
0
0
199
0
0
220
0
0
0
0
285
90
270
0
0
0
0
0
252
199
0
259
0
0
0
191
0
0
0
0
0
0
0
0
233
0
0
0
0
0
0
0
0
218
0
0
238
85
0
0
0
0
204
0
0
0
0
179
195
0
0
0
41
109
209
0
0
192
0
0
0
287
0
0
90
0
0
0
250
0
0
0
0
0
0
0
0
0
0
0
199
0
0
0
0
0
0
0
164
0
0
0
0
0
87
0
0
0
0
243
0
0
0
207
0
0
0
193
0
0
0
0
0
0
0
0
0
225
2
0
152
214
0
0
216
0
0
0
0
206
256
0
0
199
0
193
0
82
118
224
0
0
0
0
0
249
0
0
0
0
198
0
0
193
0
0
0
7
0
0
157
206
188
0
0
0
0
0
0
0
0
0
0
151
0
0
0
0
207
0
0
0
0
222
0
194
0
0
0
0
0
0
0
0
243
0
0
0
0
0
227
0
218
0
0
0
0
209
0
0
0
0
0
0
222
178
210
205
0
227
0
153
0
0
0
0
215
0
200
249
197
0
0
0
264
186
0
0
0
0
0
124
0
0
0
195
21
203
105
0
0
0
182
0
0
0
0
0
0
0
0
0
240
0
0
0
0
0
197
0
0
0
0
0
0
0
0
0
188
0
127
0
0
38
234
185
0
0
0
168
0
0
202
0
0
0
0
0
0
0
0
0
0
0
0
0
239
0
0
0
0
0
219
0
0
0
0
0
0
0
0
185
0
0
0
0
0
0
0
0
0
237
0
0
0
223
0
0
0
181
123
0
247
0
0
208
197
121
0
0
0
0
0
260
0
0
0
0
0
0
0
0
0
0
0
0
0
0
0
197
0
0
0
0
0
0
0
0
0
0
0
0
0
0
0
0
0
0
255
0
0
202
179
235
0
193
0
0
0
0
0
0
0
0
0
0
0
0
0
217
0
1
204
195
225
0
0
0
0
0
0
0
0
188
0
0
0
197
0
0
0
0
0
0
0
0
0
0
0
0
0
237
0
0
0
0
214
229
0
0
0
0
0
234
130
187
0
0
195
199
242
234
5
0
0
0
0
166
184
230
151
205
0
0
0
0
235
0
0
121
0
180
0
0
0
219
0
249
0
186
0
0
0
0
0
0
0
71
0
247
0
0
0
0
0
216
0
0
0
0
0
0
0
222
0
0
0
195
0
0
0
0
0
0
222
0
0
0
0
0
0
0
0
0
0
0
0
250
0
0
0
0
0
0
0
0
0
166
219
191
0
0
0
0
0
0
0
172
0
192
167
0
0
0
0
0
0
0
0
232
0
0
0
0
220
0
184
0
0
0
157
0
0
0
0
96
0
242
209
0
0
0
0
0
0
203
0
0
0
243
0
0
0
205
0
0
217
0
240
0
0
238
0
0
0
0
0
0
0
0
0
0
0
0
0
0
216
0
0
262
0
0
224
0
0
0
0
0
0
0
0
244
187
0
254
0
0
0
0
0
0
0
0
192
0
0
0
187
0
0
0
0
0
0
0
203
0
207
0
0
0
0
0
0
263
0
236
0
0
0
67
184
0
0
0
0
217
0
0
0
192
0
0
0
0
0
0
191
0
0
0
0
0
0
230
0
0
0
178
0
0
0
0
0
0
0
0
0
0
0
0
0
0
0
0
0
1
0
0
0
0
273
206
0
178
141
261
0
0
0
0
0
0
255
225
0
0
0
0
0
0
57
0
153
0
0
0
0
0
89
0
0
206
0
0
245
0
0
0
0
0
0
216
240
0
0
0
0
0
0
0
0
0
0
264
0
0
252
0
0
0
163
0
0
236
223
0
0
0
0
0
201
0
0
0
0
0
256
219
0
0
0
0
0
0
187
238
22
0
0
0
0
0
0
63
0
0
0
0
0
0
0
0
145
0
181
0
264
282
185
0
0
0
0
241
94
223
0
0
0
191
0
247
0
10
0
0
0
4
0
0
0
0
0
0
219
0
256
0
0
152
0
0
0
0
178
0
0
0
0
0
0
0
0
103
164
0
0
0
258
0
0
0
0
222
0
0
0
0
0
0
168
250
0
0
0
0
205
0
39
177
0
215
0
0
0
235
0
173
138
0
0
278
189
0
236
0
240
0
0
0
166
0
148
0
0
0
0
2
0
0
231
0
0
0
0
0
0
0
0
0
0
0
0
0
0
0
0
0
0
0
0
0
0
149
0
0
0
221
0
0
0
0
0
237
210
0
0
0
0
0
79
204
0
0
0
0
0
0
0
0
0
0
0
238
0
0
0
0
0
82
0
0
30
0
33
0
228
171
0
0
0
0
0
0
0
0
0
2
0
220
253
0
0
0
256
0
0
0
0
0
0
0
0
0
171
226
0
0
31
237
0
0
0
0
0
127
234
0
0
0
0
0
0
0
0
0
0
0
0
0
8
0
0
179
0
224
0
0
0
0
0
0
0
0
137
0
274
0
0
0
0
0
0
0
191
0
0
0
0
0
0
0
0
215
143
0
0
0
0
0
0
0
0
0
178
0
0
0
211
233
230
98
0
0
0
0
0
178
0
0
0
0
0
0
0
0
0
0
0
0
0
284
0
0
0
221
0
0
0
0
0
0
0
0
0
0
0
0
0
221
236
0
0
0
0
124
59
0
0
0
0
0
0
0
0
0
115
0
0
0
0
0
0
0
0
0
0
0
0
0
241
0
172
203
0
0
0
0
0
0
0
216
214
214
0
0
0
0
0
0
0
0
123
0
166
0
0
0
302
0
0
0
0
0
0
0
0
0
0
223
0
0
119
81
0
0
0
0
0
0
0
269
0
0
0
0
0
154
0
0
211
208
0
0
0
180
5
0
0
0
0
0
258
0
0
0
0
0
0
33
0
209
0
146
140
0
0
0
0
0
0
0
0
0
0
207
256
218
252
0
232
0
0
0
0
0
0
0
0
0
0
0
0
0
219
0
0
0
0
212
0
0
15
0
0
208
238
0
0
217
0
0
0
0
0
0
0
0
0
0
0
0
0
0
0
0
0
27
0
0
0
0
0
201
0
0
189
0
48
0
0
0
0
0
0
0
0
0
0
0
186
228
206
0
73
92
185
0
0
0
0
0
0
0
0
0
0
0
0
36
0
0
0
0
227
0
0
281
0
0
0
0
0
0
0
168
218
0
243
96
204
0
0
119
0
0
201
0
0
0
0
0
0
0
227
0
0
235
0
0
163
0
0
0
200
0
251
194
0
0
236
218
205
0
0
0
0
2
0
0
0
268
66
0
0
0
0
0
234
0
0
0
0
0
0
0
232
0
0
0
0
0
0
241
157
0
0
201
0
0
223
0
0
60
0
0
0
0
0
0
0
0
0
0
157
0
0
0
0
0
0
0
0
0
0
0
0
0
0
0
126
0
0
0
0
0
229
0
0
0
0
0
0
0
0
228
0
3
261
0
0
0
0
160
0
0
0
224
0
0
239
0
264
0
211
229
0
194
0
0
0
0
0
0
0
0
0
0
0
0
0
0
0
0
0
0
0
0
136
0
0
0
0
0
0
0
203
0
0
0
0
0
0
0
0
0
204
0
259
236
0
0
0
0
0
0
0
0
0
228
164
0
0
0
270
0
0
294
0
0
0
0
0
0
1
0
0
0
0
0
0
1
0
0
127
0
0
0
25
0
0
183
0
0
0
0
0
33
0
188
0
0
0
0
0
0
0
0
235
0
281
0
0
0
0
0
0
0
0
0
183
0
234
0
0
0
0
0
0
0
0
0
174
0
0
242
0
0
0
109
0
0
0
0
0
0
0
0
0
0
131
0
0
0
0
0
149
0
257
196
0
0
0
195
0
0
0
0
0
0
0
200
0
184
0
0
0
0
0
0
0
0
0
0
0
0
0
0
0
0
0
0
0
0
227
0
96
165
0
0
0
0
244
0
0
0
0
0
0
0
0
0
0
0
0
0
204
0
0
0
0
0
0
0
0
0
0
0
0
0
0
0
258
0
0
0
0
133
0
0
0
237
0
0
0
236
0
136
0
0
0
0
0
0
0
0
0
0
0
0
0
0
0
0
0
222
0
0
208
0
0
284
0
0
0
0
207
179
0
0
0
0
226
76
0
0
0
234
0
0
0
0
0
0
0
239
0
0
0
0
0
0
0
189
233
0
0
216
0
277
262
0
132
0
103
0
0
0
0
0
0
0
20
0
217
0
0
137
201
230
0
0
80
0
0
0
0
0
231
0
0
0
235
0
0
0
0
95
129
26
0
0
235
0
0
0
0
0
149
230
0
0
0
0
0
0
238
0
0
0
0
0
279
249
0
171
0
0
218
252
206
200
8
0
194
0
0
0
0
225
0
98
0
0
0
0
0
0
0
0
0
0
0
0
140
0
0
0
226
0
0
157
0
182
0
0
0
0
223
0
0
0
0
254
221
0
0
0
0
0
0
0
0
0
0
0
232
0
0
0
164
0
0
0
0
0
0
0
278
214
0
0
0
0
0
0
0
227
0
0
0
2
0
50
0
221
0
0
230
0
0
0
250
0
0
1
0
0
0
0
0
0
0
219
0
200
231
0
0
206
190
0
0
0
145
0
0
0
191
0
0
0
0
213
0
27
0
217
235
0
0
0
0
0
175
0
250
214
0
0
0
224
0
0
0
0
0
0
0
0
0
174
232
0
0
0
0
0
0
269
194
245
218
0
0
0
229
0
48
0
0
0
0
0
2
0
0
0
250
0
0
0
0
223
291
0
0
0
0
0
0
264
0
0
0
0
0
196
42
0
0
0
0
0
183
0
0
220
0
0
0
0
0
0
0
0
0
0
0
0
0
0
0
0
0
0
0
0
0
0
0
217
0
206
0
0
0
0
0
0
242
0
0
0
0
0
0
0
137
0
0
0
0
193
0
0
245
0
162
247
0
0
0
0
266
0
0
0
241
0
0
0
0
0
0
0
0
204
204
0
0
0
0
37
0
0
0
0
0
0
0
0
0
228
0
0
0
0
132
0
0
0
0
0
36
0
0
0
210
0
0
0
0
0
0
0
218
166
0
0
0
201
0
0
0
218
203
7
0
0
266
0
0
139
181
0
212
137
0
0
0
0
0
0
210
0
0
0
0
0
246
177
0
0
0
0
0
0
0
188
221
0
0
0
0
0
0
216
231
242
0
0
0
0
0
0
0
0
0
120
0
24
0
0
0
0
0
0
0
0
0
169
211
0
0
0
229
283
0
0
0
0
0
0
0
0
0
0
15
0
194
121
231
0
0
0
0
0
218
0
0
228
0
214
0
104
0
235
0
0
0
211
0
0
0
0
6
0
0
0
0
0
0
0
0
0
178
0
0
0
0
0
0
0
0
0
0
0
271
0
186
0
200
0
203
0
0
0
0
233
0
0
0
0
0
229
166
0
0
0
0
0
0
0
229
0
0
246
0
0
0
0
0
0
0
0
0
0
212
213
178
0
0
212
0
0
0
0
0
0
0
0
0
0
0
0
0
0
0
221
0
209
227
269
0
0
0
0
0
0
0
0
0
0
0
0
57
0
0
0
0
0
0
0
134
0
0
0
0
148
0
0
0
0
0
197
0
0
0
164
0
0
170
0
0
237
0
0
0
0
0
0
0
0
230
0
0
0
0
0
0
176
160
0
0
0
0
0
195
223
0
0
208
225
0
0
0
0
0
0
0
0
162
217
0
0
186
0
0
213
4
0
0
0
0
0
0
0
0
0
0
0
0
0
0
0
0
0
0
0
215
0
0
200
0
0
4
0
216
0
0
252
0
0
0
155
0
0
0
0
0
0
0
0
0
0
0
0
133
0
0
0
0
0
108
0
0
0
0
0
0
0
0
0
0
0
0
26
0
0
0
0
0
0
232
0
0
0
0
0
146
263
0
0
0
166
0
0
0
0
190
160
0
0
0
0
0
0
0
131
0
0
0
224
224
174
0
0
0
0
0
0
0
0
198
0
0
0
0
0
272
134
0
169
0
0
209
201
0
0
200
0
0
33
242
0
0
0
0
0
0
0
0
0
0
0
0
0
0
0
204
0
0
0
0
0
229
0
0
254
0
0
159
0
205
0
0
0
0
0
0
0
0
238
0
0
0
0
0
178
0
297
163
0
0
0
0
0
0
0
0
171
173
0
156
0
0
221
0
127
214
9
0
174
0
224
0
219
0
169
0
0
0
0
0
0
0
0
0
0
141
0
0
0
215
0
0
0
0
0
0
190
0
0
231
0
4
0
0
0
297
0
0
0
0
97
0
0
10
15
0
184
237
0
0
0
0
0
0
0
0
0
0
0
0
0
195
0
0
0
0
125
0
0
0
0
0
0
0
0
0
0
0
0
190
0
0
0
0
0
200
0
0
0
82
0
0
0
0
213
168
0
135
0
196
0
0
0
0
0
0
0
0
0
0
256
7
0
0
0
0
0
0
0
0
0
0
0
0
0
0
0
0
0
213
0
208
164
0
0
141
0
0
0
0
0
0
0
82
0
0
0
0
0
0
292
0
0
0
0
179
199
0
0
0
0
0
0
0
0
180
0
0
192
263
0
261
0
0
0
0
232
0
0
0
0
0
0
245
0
0
0
0
0
0
112
0
0
224
0
0
0
0
0
0
0
0
0
0
168
222
162
63
228
0
0
0
1
0
159
0
0
54
0
0
0
0
0
0
0
0
148
0
0
0
22
0
217
0
0
0
3
0
0
0
0
0
0
0
268
0
0
0
0
0
208
0
0
156
0
0
0
0
0
0
0
167
0
120
0
0
219
0
235
0
0
0
0
0
0
0
0
0
267
0
0
0
0
0
0
0
105
300
0
0
234
0
0
0
276
0
0
0
0
109
257
0
201
219
0
249
0
0
0
0
0
151
0
0
0
49
0
0
13
0
0
0
0
202
0
0
0
0
165
0
0
0
0
0
0
249
0
0
0
206
45
0
0
0
190
0
0
118
255
0
0
0
0
0
0
0
0
0
0
0
0
0
0
199
0
0
0
0
0
267
206
0
221
207
0
206
147
0
0
0
0
0
0
0
0
0
0
0
0
201
0
0
0
0
224
237
0
0
0
0
0
0
0
242
0
0
0
0
261
0
107
227
0
0
232
0
215
0
70
0
0
0
253
198
254
0
0
0
0
0
222
0
0
0
0
0
0
0
253
57
0
0
0
0
0
0
0
0
0
213
0
175
0
0
0
12
0
0
0
0
223
0
220
240
0
0
0
0
0
0
0
0
0
0
156
0
0
0
194
0
0
0
0
0
0
0
0
276
0
0
0
0
0
0
0
0
0
0
131
0
0
0
88
0
0
0
0
0
0
0
0
0
0
0
272
0
0
0
0
0
0
0
76
0
0
0
0
0
0
0
0
0
0
0
0
0
213
249
0
0
0
0
38
0
0
0
0
0
0
0
0
156
96
199
0
0
248
0
226
0
0
176
0
0
0
0
0
0
0
0
0
0
0
218
0
0
0
0
0
0
0
0
82
0
0
0
258
0
0
197
123
0
254
0
0
0
0
0
221
0
0
215
225
0
0
0
0
0
0
0
0
252
0
0
0
0
211
0
0
226
0
0
0
0
0
0
31
0
0
0
0
0
201
0
164
0
0
0
0
0
217
0
0
196
0
0
0
0
0
0
0
0
0
0
0
0
0
0
0
0
141
0
0
0
0
0
183
0
0
0
227
0
0
255
0
0
0
0
122
0
221
0
0
0
0
0
1
0
0
0
0
0
0
3
0
0
0
0
217
0
0
0
213
100
0
0
0
0
0
0
169
0
0
0
144
0
0
0
197
0
0
0
0
0
0
0
164
0
220
0
0
0
0
0
0
0
251
0
0
0
0
0
5
228
0
241
0
0
0
0
0
0
246
0
0
0
0
0
0
0
0
0
0
125
0
304
0
0
0
0
0
0
0
0
41
163
0
0
0
0
0
0
0
0
151
0
199
0
0
0
192
0
0
0
238
0
0
0
0
181
0
0
0
0
0
0
0
0
0
0
0
0
0
0
0
0
0
0
0
0
266
0
222
0
0
0
0
0
0
0
0
194
0
0
0
263
0
0
0
0
194
0
0
132
0
0
0
0
0
0
214
0
0
0
231
0
0
0
209
0
0
251
0
0
0
39
0
239
231
0
0
0
17
0
0
0
0
0
0
0
0
0
0
136
0
0
0
172
0
0
0
0
0
0
70
0
0
0
0
0
0
0
0
0
0
200
0
0
0
0
0
0
0
0
0
0
0
0
0
0
0
0
0
0
0
0
0
236
0
0
0
0
0
0
0
1
229
0
0
0
0
0
0
200
76
0
0
0
0
0
0
0
0
0
0
0
0
0
191
0
190
148
0
244
0
0
204
0
0
0
0
0
0
212
0
238
0
0
0
0
0
207
128
0
0
0
0
0
229
0
0
0
0
0
0
0
0
0
0
0
205
226
0
0
0
144
215
0
0
0
0
0
0
0
0
258
220
0
0
11
0
0
0
0
0
0
0
210
0
0
237
0
0
161
0
260
0
0
0
7
0
0
172
0
0
0
249
0
0
0
54
0
0
0
194
0
0
254
0
0
0
141
0
0
226
0
0
0
0
0
181
215
0
0
0
0
246
243
0
0
0
0
0
0
0
241
0
226
0
0
0
0
0
0
231
199
0
89
0
177
0
0
0
0
4
0
0
0
169
0
0
227
0
216
0
0
226
0
0
0
224
0
0
0
0
239
36
0
219
0
0
96
0
0
0
0
0
0
0
0
0
189
227
85
0
0
0
0
0
0
0
0
227
246
0
0
0
0
0
218
0
0
245
0
0
241
0
0
48
0
0
180
0
0
0
0
0
0
0
190
0
0
185
238
0
173
0
255
0
0
0
0
188
167
140
0
0
0
0
0
0
0
0
0
0
0
0
0
0
0
0
0
0
0
0
0
0
0
15
0
193
0
0
154
0
222
0
0
240
0
0
0
187
0
0
206
0
0
0
0
0
0
201
0
0
0
0
0
0
0
0
0
138
0
0
0
0
0
229
0
0
0
0
0
0
0
0
0
0
0
0
0
0
237
0
0
185
0
0
0
0
158
0
0
0
0
82
0
0
0
0
0
0
0
0
0
222
0
0
0
0
0
204
0
0
0
217
0
0
0
0
221
188
248
0
234
0
0
0
176
232
0
0
0
56
0
0
0
0
0
0
0
0
182
0
0
0
246
0
0
234
172
0
0
0
0
0
0
0
194
0
204
0
0
0
0
0
0
167
0
0
0
188
230
119
179
240
0
0
0
0
0
0
0
0
0
0
0
156
0
0
0
191
218
0
249
0
0
0
0
0
0
0
0
0
0
0
0
0
222
0
123
0
227
0
0
0
0
0
15
1
0
0
0
191
0
0
0
0
0
0
0
0
0
0
0
0
187
0
0
0
0
251
0
0
0
0
0
0
0
0
0
0
0
0
0
112
0
119
0
0
0
0
0
251
111
0
134
188
0
0
0
0
0
0
249
0
0
0
0
0
0
0
0
0
236
0
171
0
0
188
224
0
0
0
213
0
0
0
0
0
0
0
0
193
59
0
0
0
0
0
0
0
263
0
0
0
0
215
0
0
192
0
0
187
0
4
0
0
0
240
217
265
0
0
0
0
0
0
0
0
0
0
203
169
0
0
0
0
0
0
242
140
105
0
0
123
0
0
0
0
0
0
0
0
185
0
260
0
0
0
0
0
0
0
0
0
197
0
0
223
0
0
0
223
0
292
0
0
0
0
0
0
0
0
0
0
0
0
0
0
124
0
0
0
0
0
0
0
0
0
0
157
0
234
0
0
184
0
0
0
0
0
0
0
0
0
209
0
10
0
0
0
0
158
0
0
0
0
0
0
85
0
0
0
0
0
13
0
0
0
0
0
0
0
0
0
0
246
85
0
0
219
227
0
147
0
0
0
0
0
0
0
90
0
0
0
0
0
0
0
33
0
0
0
0
0
6
0
0
0
0
0
10
0
0
114
173
0
0
0
0
0
0
0
0
0
0
0
0
0
227
0
0
0
0
0
0
231
0
0
204
239
0
0
0
0
80
232
193
0
0
257
0
0
0
117
0
216
0
0
0
0
0
0
0
0
0
0
21
0
268
0
0
0
0
242
0
0
171
0
0
0
153
285
56
210
0
0
0
0
0
0
0
0
0
0
256
0
0
150
0
0
0
0
0
238
0
0
0
0
0
0
0
0
0
0
173
223
0
0
0
0
251
0
0
0
0
0
208
0
0
184
218
0
0
0
0
0
0
0
0
204
0
0
194
0
0
123
0
0
0
0
208
0
0
0
0
0
0
0
0
0
0
0
0
0
0
0
0
0
0
0
0
0
84
0
0
0
228
0
0
0
0
0
189
0
206
0
215
0
0
0
0
0
0
0
41
0
0
0
0
0
0
216
0
0
0
0
0
0
0
0
0
0
0
173
200
0
0
0
212
0
0
0
0
164
230
0
0
0
0
0
192
0
46
0
207
232
0
0
0
0
0
0
0
0
0
0
0
0
0
248
0
0
0
184
197
0
0
0
0
0
0
176
234
0
0
219
0
0
0
0
0
117
0
0
0
0
0
235
0
197
0
0
0
0
214
0
118
0
0
293
0
0
0
144
0
0
0
0
0
242
188
0
0
0
0
0
0
0
0
5
268
263
0
0
0
18
0
41
0
0
0
0
0
0
0
210
0
0
0
0
215
0
0
0
0
0
0
201
0
0
205
0
0
0
0
0
0
0
0
0
0
0
214
59
0
120
0
222
0
0
96
0
0
0
0
0
0
0
0
146
0
0
287
0
173
240
189
0
0
0
0
0
0
0
0
219
0
127
217
0
0
0
0
0
0
40
158
0
0
0
206
0
144
0
209
0
0
0
0
0
177
0
0
142
0
0
0
0
0
0
0
0
0
245
0
0
0
0
0
0
0
0
64
0
221
0
0
0
0
0
0
108
0
0
0
0
0
0
262
0
0
228
0
107
0
152
0
0
0
0
0
0
179
158
0
211
0
0
0
0
211
0
235
0
19
190
0
213
46
0
0
0
0
222
0
0
0
238
20
0
0
214
0
0
0
0
0
0
0
0
128
0
221
0
0
0
147
0
0
0
0
211
0
0
0
0
162
202
0
0
0
0
0
0
0
0
242
0
0
243
232
0
0
0
268
270
0
0
0
0
0
0
0
227
0
0
0
0
0
0
0
0
0
203
0
0
0
0
0
204
178
0
0
0
190
0
0
0
0
0
80
0
232
128
0
0
145
226
0
0
250
0
0
0
0
163
0
0
0
0
0
0
0
0
0
256
0
0
0
205
0
214
178
0
161
0
0
0
0
0
0
0
0
0
0
0
0
190
170
0
0
0
0
0
0
0
0
0
0
0
0
0
0
0
0
0
0
0
206
0
0
0
0
0
236
0
0
0
0
0
214
0
0
0
31
0
0
131
0
0
0
0
0
0
0
0
0
0
103
0
0
0
0
0
0
0
150
0
0
0
0
0
0
0
223
0
195
0
0
0
0
0
0
0
0
103
0
219
0
0
0
267
0
0
181
239
0
0
220
0
0
0
0
0
265
0
0
0
0
215
0
2
0
188
0
0
0
0
0
0
0
0
0
0
0
43
0
0
0
151
0
0
178
0
0
217
218
0
0
0
0
218
0
0
0
0
0
0
0
0
217
234
185
0
0
0
0
0
0
0
124
0
0
0
163
192
0
0
207
0
198
0
190
0
0
0
0
0
0
0
0
0
0
0
221
201
0
0
0
0
0
0
203
0
0
0
11
0
0
153
178
0
202
0
0
14
0
0
0
0
144
0
0
202
0
0
0
0
0
0
0
0
0
0
0
214
0
0
216
0
0
0
0
0
0
0
0
0
0
0
0
0
0
0
0
0
223
144
0
0
0
0
0
0
0
0
0
0
213
249
0
0
0
0
0
0
244
0
0
0
0
56
0
0
0
0
0
0
0
0
0
0
0
0
0
0
0
0
0
0
0
0
0
0
0
0
226
238
0
0
0
177
0
0
0
0
0
0
0
224
0
0
0
159
0
236
1
0
267
58
0
0
0
0
0
0
0
0
244
0
0
234
242
0
0
0
215
0
0
0
0
0
0
187
0
236
0
0
96
0
0
0
2
0
0
153
265
0
0
223
166
0
0
0
0
0
0
3
0
217
0
0
0
0
151
0
0
0
9
0
0
254
0
206
0
241
0
62
0
0
0
0
0
0
225
0
0
37
0
0
167
0
0
0
239
0
0
0
0
0
0
0
238
0
0
0
0
0
0
0
0
0
216
251
0
0
0
0
218
0
0
170
216
0
0
225
0
0
0
0
0
253
0
214
0
0
266
184
0
0
0
0
310
192
165
212
0
0
0
0
0
0
0
0
0
0
0
0
0
0
0
0
195
0
189
0
0
0
0
0
0
161
0
0
0
0
317
0
0
0
161
226
0
0
0
184
0
0
0
0
0
0
0
0
0
0
0
0
0
0
0
222
0
0
0
0
0
0
0
0
0
0
0
0
179
0
0
0
0
0
0
0
0
0
0
235
227
126
103
0
0
203
0
155
0
0
0
0
202
17
0
0
0
0
200
0
0
0
0
0
0
0
0
0
0
0
0
273
0
0
0
0
0
0
0
0
259
227
0
0
0
0
0
0
0
0
0
0
0
0
0
0
0
0
0
0
0
0
249
0
0
200
0
0
0
0
214
0
0
0
0
0
0
0
18
160
0
0
0
0
0
0
0
0
0
0
0
0
0
0
0
0
0
177
0
0
206
0
257
0
0
0
0
0
232
0
0
243
256
0
0
210
0
0
0
223
270
0
0
0
0
0
0
0
0
186
283
194
0
90
0
0
0
0
0
0
0
0
0
0
0
0
58
0
0
0
0
194
0
0
0
0
0
210
0
0
224
0
0
190
0
243
0
0
0
0
0
0
0
0
0
208
0
252
252
0
0
0
0
0
0
0
0
221
72
0
0
0
0
168
0
120
0
0
0
232
235
0
0
0
0
0
0
0
0
189
0
0
0
1
234
1
222
0
294
0
0
255
182
0
240
0
0
0
0
0
221
176
236
0
191
216
0
0
0
0
0
0
262
21
0
0
0
0
0
139
0
0
0
0
0
130
175
0
0
238
0
0
0
0
0
0
0
0
0
0
0
0
0
96
0
0
0
228
0
178
0
229
0
0
0
0
0
0
0
211
0
47
0
0
0
0
0
148
0
0
0
0
0
255
0
0
0
0
241
251
0
0
0
0
0
158
0
0
48
179
0
0
218
0
0
0
0
0
0
0
0
0
0
0
0
0
63
209
0
0
0
0
0
18
0
0
0
9
0
214
0
0
0
0
0
0
0
0
0
0
0
0
0
166
0
0
73
0
0
0
0
0
56
0
0
0
0
0
0
0
0
110
225
130
0
0
0
20
0
0
0
273
0
225
0
0
0
0
7
152
0
0
0
0
0
0
0
18
0
253
0
0
63
179
0
0
201
0
0
0
0
0
0
0
0
266
0
0
0
0
182
248
0
0
0
0
0
0
0
0
0
0
0
0
231
0
0
0
0
0
166
0
0
0
0
256
258
0
0
0
0
0
0
0
0
0
86
0
0
0
0
0
0
216
0
0
0
208
0
0
0
0
195
0
0
213
0
0
0
2
0
208
0
0
0
0
0
0
0
0
0
0
0
0
98
214
0
207
0
0
182
0
174
201
0
0
0
225
0
0
0
0
0
0
0
0
0
0
243
0
0
0
211
0
0
0
0
253
0
0
0
0
158
0
190
0
0
178
177
0
0
0
188
0
0
117
0
0
0
195
0
247
0
0
0
156
0
0
0
0
222
0
225
0
0
254
257
0
220
0
0
223
0
75
0
0
0
0
206
0
88
0
0
172
212
0
171
0
0
0
0
201
0
199
246
0
199
0
0
0
0
0
0
0
0
231
0
0
0
0
0
0
0
0
191
0
0
0
0
226
0
19
0
0
0
0
0
0
0
0
0
0
240
0
0
46
0
0
0
0
0
118
0
0
0
0
0
115
99
0
0
0
0
0
0
0
0
177
0
0
0
0
69
0
0
0
0
96
0
0
0
0
0
0
0
0
0
0
0
0
0
220
268
0
0
0
203
0
129
0
0
0
0
0
0
0
0
0
0
0
0
0
0
0
0
0
0
0
0
0
0
233
0
0
0
0
0
0
0
159
0
0
0
0
223
0
163
84
220
0
0
213
226
0
0
0
0
0
0
0
0
0
244
0
0
0
238
0
193
0
0
0
286
0
0
213
0
0
0
0
0
0
152
0
0
299
213
234
0
0
0
0
0
0
232
0
208
0
0
0
0
72
190
247
93
0
0
0
0
0
0
0
0
0
0
0
0
0
0
207
0
0
255
0
0
0
243
0
140
0
0
0
0
0
0
201
0
0
0
0
236
0
0
0
203
169
0
263
0
168
0
0
0
0
0
0
0
197
0
0
0
0
0
0
0
0
0
0
0
0
0
0
0
0
0
187
0
0
229
0
182
0
67
0
0
0
0
229
250
0
0
0
0
0
0
167
0
0
246
0
55
0
0
0
0
0
0
0
0
0
0
0
0
1
0
0
227
211
96
0
237
0
0
0
0
0
0
0
0
0
0
0
0
0
175
0
0
0
0
41
0
24
0
0
0
0
0
217
0
0
127
0
0
233
243
0
218
0
0
0
0
0
0
0
0
0
183
173
158
0
0
0
0
0
0
240
0
0
0
0
223
240
0
0
0
237
149
120
0
0
0
212
0
1
0
186
154
163
247
0
0
0
0
206
0
0
104
0
0
0
0
194
0
0
0
147
0
0
0
0
230
0
0
0
0
0
192
0
0
0
227
0
213
0
0
0
0
0
0
235
0
0
0
0
0
166
0
0
0
0
0
164
0
0
240
0
246
174
258
225
25
0
0
0
0
0
145
169
0
0
113
0
0
0
0
257
0
0
0
189
0
0
0
12
0
0
15
147
0
0
218
0
57
0
0
0
0
0
0
0
174
0
0
7
0
0
0
0
0
0
0
0
0
0
0
0
0
0
0
0
206
0
0
149
0
0
0
0
0
0
232
0
0
0
0
237
0
0
0
161
0
0
0
0
0
0
0
0
0
0
0
0
255
0
182
0
0
0
0
0
0
0
0
25
0
0
0
182
0
184
0
0
218
268
0
110
180
0
0
210
0
0
218
0
0
0
211
0
0
0
0
0
0
0
195
0
0
0
0
0
0
0
0
0
21
0
0
0
0
0
0
0
214
0
0
0
226
0
0
0
0
0
0
0
0
0
0
243
0
0
236
0
0
0
99
213
126
0
0
13
0
0
215
206
220
0
0
0
0
0
0
0
0
186
0
0
0
0
0
0
0
0
0
150
0
0
0
0
0
0
0
0
0
126
205
0
0
16
54
0
0
229
0
0
223
0
258
272
0
0
0
2
0
0
0
0
0
251
0
0
0
0
0
0
0
0
0
0
204
0
276
199
0
157
0
0
0
0
0
0
0
0
0
0
0
0
0
182
39
111
232
0
0
0
0
0
0
0
0
0
0
0
0
175
0
0
29
196
0
0
0
237
0
0
0
177
238
191
0
242
250
144
204
0
0
0
0
0
254
304
0
0
0
0
0
0
193
122
206
209
0
0
0
0
209
190
153
0
0
0
0
0
0
0
0
0
207
0
0
0
0
0
0
225
0
99
0
0
0
0
0
231
0
0
180
297
269
0
0
0
0
206
0
0
0
0
0
0
0
0
0
0
0
0
0
0
0
0
0
133
0
0
0
0
0
0
0
0
0
0
0
0
0
0
173
0
0
0
0
202
0
0
192
0
222
0
0
142
259
0
0
0
0
213
0
0
0
0
0
0
0
0
0
0
275
0
42
0
0
0
0
0
0
203
0
185
0
0
0
0
0
0
0
0
0
0
174
203
0
0
0
0
0
0
0
149
0
0
218
0
146
0
246
0
28
0
0
0
0
113
0
252
0
0
239
0
0
0
0
15
93
0
226
0
0
0
164
0
0
0
0
0
0
0
0
160
181
0
144
0
265
0
0
187
0
0
0
177
234
0
0
0
1
0
257
0
176
0
0
232
0
0
0
222
0
232
0
0
0
0
270
261
0
0
0
0
0
227
0
211
242
184
0
0
0
0
0
0
0
0
0
188
0
0
227
0
200
0
261
0
0
0
0
18
0
193
0
28
0
204
0
0
0
0
0
0
243
223
0
223
0
0
0
0
0
0
0
205
0
0
0
0
0
0
0
185
0
0
0
0
0
0
0
0
0
0
198
0
167
0
0
1
0
239
0
0
0
0
0
0
245
0
0
187
265
0
0
0
0
0
0
174
0
0
0
0
0
0
0
0
0
2
0
0
0
0
0
0
0
0
0
226
0
0
0
0
0
0
164
0
0
0
0
0
0
0
0
233
0
0
0
113
0
169
268
0
0
96
0
0
0
0
0
0
11
0
0
0
0
0
0
0
260
0
205
0
0
0
0
0
0
0
100
0
111
0
109
0
0
0
0
0
0
0
0
0
0
0
0
0
0
0
114
221
0
0
0
0
0
0
0
249
0
218
0
0
0
154
0
0
0
0
0
0
0
44
0
100
0
0
262
0
0
206
0
127
0
0
0
0
231
0
0
0
0
0
0
0
199
0
0
0
183
0
0
246
0
0
0
228
0
24
64
0
173
0
0
152
0
0
109
0
0
0
0
0
0
0
0
0
0
0
0
0
0
208
0
0
0
0
0
213
0
163
0
253
0
0
0
0
192
0
0
0
0
0
0
0
182
0
0
0
0
0
0
182
176
0
0
205
199
0
0
0
0
0
0
1
0
0
0
0
210
0
254
0
0
78
0
219
231
0
0
71
0
0
0
0
0
0
0
0
0
0
0
0
0
0
0
195
0
245
0
0
0
0
0
0
0
0
0
0
202
0
0
0
0
0
0
0
0
0
0
202
0
0
0
0
166
255
219
0
0
0
0
0
224
0
0
0
0
0
113
0
77
261
202
0
0
0
203
0
0
0
0
0
0
0
0
0
0
0
239
0
222
0
194
0
0
0
0
229
174
0
0
230
0
0
0
0
0
0
0
0
0
213
0
0
244
0
118
195
193
0
0
0
0
0
0
0
0
0
0
0
0
0
0
0
0
0
0
0
0
0
0
0
0
0
0
0
0
0
0
146
0
0
0
0
0
0
0
0
0
168
0
0
0
0
0
0
0
0
0
0
0
230
229
196
0
0
202
0
0
0
17
0
0
0
0
138
0
0
86
0
0
0
0
0
0
0
0
0
0
0
0
0
0
0
0
0
0
0
0
0
0
260
0
0
228
0
239
0
0
0
170
0
0
0
0
0
0
0
149
0
0
171
0
0
0
0
124
0
0
31
0
0
101
0
171
244
252
270
0
0
0
0
215
0
0
0
203
0
0
0
0
0
190
0
0
0
0
0
0
0
0
0
0
200
0
0
0
0
0
151
0
0
0
95
0
0
0
0
0
0
0
0
0
0
0
0
0
0
0
0
0
0
0
0
0
0
0
0
0
0
0
0
0
0
0
0
0
0
0
0
0
0
0
0
0
201
165
0
175
0
0
0
0
0
110
0
0
260
185
0
0
210
0
0
0
203
0
0
180
0
0
255
0
0
0
0
0
0
0
0
208
215
0
0
0
0
257
0
0
0
0
0
0
238
0
0
194
0
0
172
0
0
0
0
0
123
228
0
0
1
0
0
0
0
127
0
0
0
0
0
0
235
0
167
0
230
122
30
0
0
0
0
204
0
0
0
0
253
0
0
0
0
0
0
0
0
0
0
275
57
9
0
0
0
0
192
0
0
0
0
7
149
0
207
0
0
0
0
184
0
220
0
0
0
0
0
0
0
0
0
7
0
0
253
0
214
0
214
0
0
0
0
0
0
213
238
0
174
0
0
172
0
0
0
0
0
11
0
0
0
0
0
0
185
259
0
0
0
0
0
0
0
0
0
0
273
0
0
0
0
157
114
0
0
0
37
111
0
0
0
0
0
188
24
0
184
259
0
0
163
0
191
244
271
0
0
0
0
0
217
0
234
199
0
0
0
0
0
0
0
207
0
0
0
0
0
0
0
0
0
233
0
0
0
0
0
0
261
0
0
240
182
0
0
0
0
0
0
0
0
207
0
0
206
119
0
0
0
193
19
0
0
0
198
0
257
0
0
0
0
0
0
0
240
0
119
0
0
212
0
0
0
0
0
0
0
0
0
0
0
276
0
0
0
0
0
215
0
0
0
0
0
0
0
213
183
0
0
0
0
0
2
0
0
159
0
0
0
0
0
0
0
0
0
174
0
157
0
0
198
0
0
205
0
218
0
202
0
0
0
209
0
0
0
0
0
0
0
0
0
0
0
196
0
210
1
0
174
0
0
0
0
192
0
0
0
0
0
0
0
0
0
9
0
0
0
0
0
0
0
0
0
219
0
0
0
0
198
0
0
0
0
0
0
0
0
0
35
0
0
0
102
241
0
0
0
207
0
0
239
0
0
0
0
0
237
0
0
0
0
0
0
0
0
0
234
0
0
74
191
0
0
0
0
0
0
221
116
0
0
0
0
238
0
0
0
0
138
0
0
242
0
0
0
0
0
0
0
0
0
0
0
219
0
0
0
1
0
180
0
0
0
0
0
175
0
0
174
0
0
0
156
202
0
211
0
185
0
0
0
0
211
0
0
0
241
0
173
0
212
17
0
1
0
253
0
0
0
169
0
0
151
0
0
0
0
0
194
0
0
18
0
0
0
0
0
0
0
247
0
0
0
208
232
0
0
137
0
191
0
0
0
0
0
0
211
175
0
0
209
0
0
0
0
227
8
0
0
0
0
0
0
24
229
0
268
0
240
0
220
0
0
0
0
0
0
0
0
0
253
0
0
0
0
0
0
0
208
0
245
240
0
0
0
0
0
137
0
0
166
0
0
0
208
0
0
0
0
0
0
0
0
0
215
0
0
210
0
0
0
0
215
0
0
0
237
261
0
0
0
256
0
0
0
0
180
0
0
0
0
0
0
0
0
0
0
0
113
196
0
0
300
0
3
0
0
0
27
180
157
0
0
224
228
0
0
269
0
161
0
0
0
217
211
0
0
0
0
0
214
220
0
0
0
0
194
0
0
0
0
169
0
0
226
235
0
0
0
0
0
0
0
0
0
0
262
220
208
0
0
0
0
0
224
188
113
0
0
0
0
0
0
225
0
229
0
218
0
0
0
0
197
0
0
0
0
0
0
0
0
0
237
0
264
249
0
0
0
0
122
250
0
0
0
0
0
187
0
0
0
0
219
0
230
0
298
0
221
141
0
0
0
0
246
0
0
191
0
250
0
0
0
0
0
0
0
0
0
0
0
240
209
215
0
0
90
0
183
9
0
0
110
0
0
0
0
0
0
190
0
0
0
181
240
149
0
112
0
122
0
99
0
152
0
0
0
0
0
0
0
0
110
0
0
0
0
0
0
242
0
0
0
290
0
0
0
0
0
0
0
0
0
254
0
0
0
0
0
0
0
0
0
0
0
0
0
0
0
0
204
189
0
0
19
0
0
0
0
200
0
0
0
0
195
0
0
143
0
0
0
0
0
0
246
0
159
0
0
0
0
226
0
0
0
0
0
0
0
0
0
0
0
0
0
0
0
215
0
0
0
197
0
0
0
0
0
0
0
0
0
0
231
0
0
0
0
0
0
0
0
192
0
0
0
162
0
0
0
224
0
0
0
207
0
0
0
0
0
0
0
0
134
218
0
0
0
0
0
0
0
223
131
0
0
0
0
0
0
0
0
241
0
0
236
0
0
0
0
0
0
0
0
0
89
0
0
0
0
155
12
193
0
264
201
0
190
0
0
164
122
0
0
0
0
0
68
167
0
0
0
267
0
0
0
0
213
0
0
0
0
0
0
0
181
213
0
0
0
0
0
0
155
215
103
175
0
0
0
0
0
0
0
183
0
0
191
182
0
0
0
0
0
0
0
0
251
0
0
0
0
0
191
0
0
0
0
0
0
0
0
0
159
0
0
0
0
0
0
246
0
174
112
0
0
225
0
197
0
144
0
0
0
0
235
62
0
0
202
0
0
0
237
0
0
265
228
0
0
0
0
170
0
224
0
229
0
0
0
203
0
0
0
0
56
0
0
0
0
0
0
0
0
0
0
0
0
0
0
0
0
0
0
0
276
0
0
104
0
0
0
0
225
0
0
0
0
0
154
0
0
0
0
0
0
216
0
7
0
0
0
0
0
0
0
0
0
165
0
0
0
0
0
0
0
0
0
0
0
0
207
0
0
0
0
0
162
0
95
202
0
0
0
0
0
0
0
0
0
0
0
0
0
0
0
0
228
0
0
0
203
0
0
0
198
0
134
0
0
224
0
0
0
178
0
0
0
199
0
0
19
0
0
170
0
171
0
0
176
0
0
0
221
0
0
0
0
0
0
0
0
0
0
0
258
242
0
0
210
227
45
0
0
0
0
0
0
0
0
0
0
106
197
178
262
0
0
0
0
0
0
0
112
0
0
209
0
0
0
0
15
186
80
91
0
0
0
235
0
0
0
0
0
0
0
0
0
0
0
0
0
0
171
0
0
0
0
0
0
0
173
0
198
243
0
240
0
169
0
219
0
0
0
0
0
0
0
171
0
0
0
0
0
0
0
172
0
0
239
0
0
13
0
0
0
0
17
218
0
0
0
0
0
228
0
0
225
0
0
0
0
168
238
243
249
303
0
252
0
0
0
0
0
0
0
0
0
0
0
212
0
0
0
0
68
0
0
0
150
0
0
216
0
0
0
0
197
0
0
0
0
0
266
0
231
0
0
0
0
0
0
218
0
0
0
0
0
0
0
0
260
0
0
0
0
0
0
0
0
0
0
218
0
0
0
0
0
0
0
0
190
0
195
1
0
0
163
218
0
0
0
71
0
0
276
0
64
0
0
0
0
211
0
196
0
191
0
0
0
0
0
0
0
0
0
0
174
212
0
0
0
0
0
229
0
0
228
0
0
0
0
220
175
0
0
0
0
0
200
0
0
195
41
0
0
0
0
0
0
0
0
170
0
0
155
164
0
0
276
0
0
86
0
0
0
0
0
0
0
0
0
0
0
0
0
0
0
0
0
0
0
0
0
0
0
0
0
0
0
0
0
0
0
0
0
0
0
0
0
0
0
0
0
0
0
0
180
0
219
0
0
0
1
0
241
0
0
0
0
0
0
0
70
0
238
0
0
0
234
0
0
0
0
0
0
0
0
0
227
216
0
0
0
228
0
0
217
0
0
0
213
42
0
0
0
0
0
0
0
0
0
0
0
0
0
0
0
223
218
0
0
0
0
0
186
217
0
0
0
126
0
147
0
240
0
0
0
0
0
0
0
0
0
0
20
0
253
0
0
0
0
110
223
0
0
201
184
0
240
0
228
176
0
219
70
0
0
182
0
173
0
0
0
0
0
0
0
0
0
0
0
0
0
0
0
0
0
172
0
248
243
0
202
273
0
0
243
0
0
0
0
0
0
0
0
0
0
0
222
0
0
167
0
0
0
0
0
0
0
0
0
0
0
0
263
0
0
201
0
224
0
186
0
0
190
0
0
0
0
0
0
0
0
227
241
0
0
163
0
0
0
231
248
0
0
127
0
33
0
0
0
0
0
0
0
0
0
0
0
0
0
2
0
0
195
0
0
261
0
0
0
3
250
0
214
0
0
185
0
0
0
0
186
0
0
0
0
272
0
0
0
219
172
0
0
0
0
0
0
0
138
0
0
209
0
210
0
0
222
0
0
0
0
0
0
63
0
0
0
0
0
0
0
29
0
238
0
189
0
0
0
0
0
255
0
0
0
0
0
0
0
0
9
263
0
200
0
0
44
0
0
0
143
0
194
0
0
0
215
0
0
0
0
0
0
0
0
0
0
111
213
261
0
0
0
238
0
0
220
236
0
254
0
0
0
233
0
0
0
0
0
0
238
0
0
0
0
220
0
0
0
0
0
0
0
0
173
0
0
0
0
0
0
0
0
0
0
0
260
23
0
0
0
237
0
262
0
0
0
203
0
0
0
247
0
202
0
23
170
0
0
0
0
58
0
0
0
0
0
0
0
0
0
0
0
284
0
0
174
0
163
229
267
211
0
0
0
0
0
0
0
0
0
0
0
201
126
0
0
0
279
0
0
228
0
0
0
72
212
0
0
0
0
0
0
203
0
0
0
0
0
0
0
182
0
0
0
0
211
0
207
0
184
0
0
0
258
0
235
0
0
0
240
0
0
0
0
0
0
0
0
0
0
225
0
0
0
0
0
0
0
0
0
0
240
214
0
0
0
0
0
0
0
0
0
193
0
0
0
0
0
216
0
224
0
0
0
0
0
0
0
0
165
0
0
0
0
251
0
0
43
0
0
231
0
0
218
0
0
0
0
0
0
0
0
0
0
0
0
0
0
0
94
252
0
0
0
0
0
216
0
0
0
176
0
0
0
0
0
0
189
0
0
0
0
0
0
0
0
0
0
123
35
0
0
0
0
0
0
37
0
0
253
0
0
0
0
0
0
0
162
0
0
0
0
0
0
0
0
0
0
0
0
0
0
210
0
0
0
237
0
0
0
0
0
0
0
0
0
0
0
0
0
0
0
0
0
0
0
0
0
0
0
0
0
0
237
0
0
0
0
197
213
252
222
0
0
0
0
0
0
0
0
0
0
0
0
0
0
0
0
0
0
0
0
254
0
0
0
0
239
170
0
250
240
0
0
0
0
235
0
0
221
0
0
0
0
0
0
0
0
0
206
0
0
0
0
0
263
0
0
0
0
0
272
182
0
0
199
0
0
0
0
0
200
0
0
0
65
0
0
0
0
0
0
0
0
0
0
0
0
0
0
0
0
0
0
0
0
236
128
0
0
197
0
0
0
0
0
0
224
0
0
0
0
0
209
0
0
0
0
0
0
0
0
0
0
0
0
0
0
0
216
0
228
174
0
0
0
237
0
0
0
0
0
0
265
0
0
0
0
0
0
0
0
0
125
0
0
0
0
0
0
0
0
0
0
105
0
0
0
0
0
0
248
0
135
0
0
232
0
69
0
236
256
0
0
0
0
240
0
0
0
0
0
217
0
0
0
0
0
0
0
0
0
0
0
147
0
0
245
0
0
0
0
232
190
197
0
0
252
0
0
260
0
0
0
261
0
0
0
0
0
0
0
0
0
0
184
0
0
0
0
0
0
0
0
0
0
0
0
183
261
0
0
0
0
250
0
0
0
0
0
0
0
0
0
0
0
209
0
0
218
0
0
235
227
0
0
0
227
0
0
0
182
0
0
0
0
0
220
0
228
0
0
0
53
0
0
0
0
0
0
0
0
219
0
0
0
170
224
0
0
0
0
0
0
0
220
0
0
0
0
0
0
0
0
0
0
0
0
0
0
0
0
198
0
0
0
0
134
0
0
257
0
248
226
0
0
0
0
0
0
0
0
0
0
0
0
0
0
0
258
0
0
0
0
0
0
0
0
0
218
0
166
0
0
0
0
31
0
217
0
0
197
0
0
0
0
0
0
0
0
0
0
0
0
0
205
0
0
0
0
170
0
0
0
0
0
230
0
0
292
0
0
0
0
245
0
0
0
0
219
242
0
0
0
0
0
0
159
0
0
0
240
0
0
0
217
0
0
0
0
0
0
209
0
0
195
0
34
0
182
0
17
0
0
103
96
0
123
0
0
242
234
0
0
0
0
0
0
0
0
0
0
0
0
0
0
0
0
0
0
0
0
0
0
0
0
0
179
0
0
0
0
0
0
260
227
0
0
0
60
212
155
150
0
0
0
0
0
0
0
0
0
0
0
0
0
0
153
0
0
0
0
206
0
0
0
0
0
174
0
0
0
0
0
0
0
0
0
163
0
0
0
267
239
231
33
240
0
0
0
265
215
0
238
0
0
0
0
187
0
0
0
0
0
0
0
223
0
0
0
0
0
0
0
0
257
0
0
0
0
0
0
0
0
220
0
0
89
0
0
16
0
0
0
225
0
229
240
0
0
0
5
0
0
0
0
0
0
0
0
0
0
0
0
0
0
0
0
143
0
0
0
226
0
0
0
0
97
0
0
0
0
0
0
213
0
0
0
0
0
0
0
0
0
184
0
0
85
0
0
0
0
57
234
0
0
0
0
0
0
0
0
113
0
0
0
