221
0
0
263
0
0
205
240
240
0
0
177
273
220
141
227
187
210
199
0
221
225
259
280
259
0
0
228
274
0
276
289
253
151
235
0
242
243
179
179
261
0
273
0
0
216
176
213
251
165
274
0
221
211
310
238
164
230
266
230
201
0
162
278
259
209
302
247
0
164
218
0
0
240
229
264
251
238
267
241
0
303
248
294
240
195
247
247
298
253
0
0
135
231
297
77
205
279
0
212
242
278
107
296
0
264
0
227
288
167
0
278
212
221
0
0
229
0
245
0
228
87
111
275
0
259
210
203
226
290
267
264
268
166
285
267
169
252
30
0
238
142
280
218
251
0
198
0
0
0
111
244
229
242
236
225
86
216
89
0
202
0
176
216
210
164
279
249
0
0
215
271
0
225
222
199
338
212
247
212
311
0
0
211
0
247
0
254
233
0
187
58
228
213
230
202
237
221
190
258
