0
0
2
1
0
0
0
58
0
13
0
44
0
0
0
0
4
0
0
0
0
0
1
0
0
0
105
100
0
0
177
0
0
213
4
0
1
0
0
0
0
0
0
0
0
0
0
0
0
0
0
0
23
0
0
0
0
0
0
0
0
0
84
0
130
0
0
0
0
0
0
0
11
0
0
0
0
0
0
0
0
0
0
0
0
34
210
0
0
0
0
0
0
0
0
0
0
95
156
0
0
0
0
0
0
5
0
0
0
0
0
0
0
0
0
0
0
0
168
0
0
0
0
0
0
0
0
0
0
0
0
0
0
0
0
0
0
0
60
0
0
0
0
0
9
0
0
0
30
0
0
97
0
0
0
0
0
0
0
0
0
0
0
0
0
0
0
49
0
0
0
13
0
0
0
0
0
0
0
0
173
0
0
0
0
0
0
0
0
0
155
0
0
0
0
132
0
0
0
0
0
0
0
0
0
0
0
0
0
0
0
0
0
0
0
0
62
0
0
0
0
136
0
0
0
0
0
0
0
0
0
0
0
138
0
2
0
0
0
24
0
0
0
0
0
0
64
171
3
0
7
0
0
0
0
0
0
22
0
0
0
0
0
0
0
0
0
0
7
0
0
0
0
0
0
0
0
0
0
0
0
0
139
0
180
0
0
2
42
67
160
0
0
0
0
0
0
0
0
0
0
0
0
0
0
0
0
0
206
0
0
22
0
0
0
0
52
0
0
0
0
0
113
0
0
0
0
28
11
0
0
0
0
0
0
0
0
0
0
0
0
0
0
0
0
139
0
0
0
0
0
0
0
0
0
0
179
0
0
95
0
128
0
0
0
0
0
88
0
0
0
0
0
223
1
0
0
0
0
0
2
0
0
0
0
0
0
17
0
0
0
0
157
65
0
0
73
0
0
0
0
0
0
0
0
0
0
0
0
0
0
0
12
0
0
118
0
176
0
0
0
0
0
0
0
0
0
0
0
0
13
0
0
0
0
24
0
0
0
0
0
0
0
17
0
0
0
0
0
4
11
0
0
0
0
0
60
0
0
0
0
0
0
0
0
0
115
0
0
0
0
0
0
0
0
0
0
55
0
0
0
0
0
13
0
0
0
0
0
1
0
0
0
0
0
0
0
0
0
0
36
0
0
0
0
0
0
0
0
24
0
172
0
0
0
0
0
0
0
0
0
0
0
0
97
0
0
0
4
0
0
0
178
0
0
0
0
0
218
0
175
0
0
0
0
0
0
0
0
0
4
0
0
0
0
0
31
0
0
0
0
161
0
0
27
0
0
0
0
0
0
0
0
0
0
0
0
0
0
0
0
0
0
0
0
0
0
0
73
0
0
0
0
0
0
3
0
0
0
0
1
0
8
0
0
0
5
0
0
0
0
0
0
0
0
0
0
0
0
0
0
0
0
0
0
7
0
0
0
0
0
0
0
0
0
0
0
0
0
0
0
0
0
0
0
0
0
209
0
0
0
0
0
0
0
0
0
0
41
67
0
0
0
0
173
0
0
0
0
0
0
35
0
0
0
0
0
189
93
138
0
0
0
0
0
10
0
0
0
76
0
0
0
0
193
0
0
0
0
0
3
0
0
0
0
0
0
178
0
0
0
7
0
2
0
0
0
0
0
0
0
17
0
0
0
0
33
0
0
0
0
0
0
183
0
213
0
0
0
0
0
0
0
0
0
0
20
0
2
0
0
0
0
0
0
0
0
32
0
52
0
0
0
0
0
0
0
0
86
0
0
0
19
25
0
169
0
0
0
0
0
0
0
0
0
170
0
0
0
0
0
0
0
0
0
3
0
0
0
0
0
0
0
0
0
0
0
0
0
0
0
0
0
0
0
6
0
0
0
115
0
0
0
0
0
0
193
0
0
5
0
0
142
0
3
0
0
39
0
0
0
0
71
0
0
156
0
0
0
0
0
44
0
0
0
0
0
0
24
0
0
0
0
0
0
0
0
0
0
0
0
237
0
0
0
0
0
0
0
0
0
0
4
0
0
0
0
0
59
0
0
13
0
0
0
0
63
0
0
0
0
0
0
0
0
0
0
0
0
0
0
0
0
0
29
0
0
0
180
0
0
0
0
0
0
0
0
0
0
0
0
0
0
0
0
0
0
0
0
0
22
238
0
183
0
3
0
0
0
0
110
0
0
0
201
128
0
153
0
0
0
0
0
0
0
0
0
0
0
0
178
0
0
0
0
0
0
0
0
0
0
0
2
0
0
0
0
0
0
0
0
152
0
0
0
0
0
17
0
0
