115
0
217
184
98
202
0
219
0
214
0
226
0
25
0
2
192
195
0
0
27
0
177
9
14
135
209
205
79
0
233
0
0
249
221
0
213
0
0
4
0
168
14
47
0
4
0
22
0
0
57
203
208
47
204
0
0
111
0
1
0
1
227
188
237
117
103
0
0
29
0
0
241
0
141
0
14
123
86
10
0
0
83
156
174
214
251
147
0
0
0
0
102
0
0
9
194
212
257
177
131
65
0
0
0
211
0
73
41
0
215
0
171
0
85
146
164
0
249
0
1
172
176
166
0
81
0
191
0
80
0
7
0
0
0
152
46
139
228
0
0
0
0
125
158
18
0
157
218
190
73
269
0
0
0
0
0
89
2
0
144
0
0
181
0
132
56
207
72
0
5
197
31
0
149
0
123
12
92
93
257
0
41
0
5
0
0
0
0
0
247
2
162
0
135
223
5
133
0
0
134
154
0
0
0
0
104
6
200
190
0
99
120
49
0
21
216
0
118
0
220
205
0
0
0
0
0
0
0
0
0
186
12
241
72
184
0
16
0
195
124
0
0
56
0
179
233
262
202
0
209
0
0
0
59
239
202
185
153
0
133
0
113
119
200
0
202
148
221
0
38
0
0
0
43
0
159
21
0
148
52
0
225
126
237
0
26
204
181
195
205
0
0
29
43
145
64
167
0
0
2
8
19
129
0
0
0
52
264
0
156
209
45
0
0
180
218
0
141
0
0
0
204
156
0
140
113
203
227
0
0
0
0
0
216
0
93
172
64
0
106
22
198
127
107
221
0
198
0
97
0
0
0
0
5
0
237
62
14
189
125
203
71
14
132
0
0
230
0
0
0
0
0
240
173
0
0
0
0
0
224
0
196
1
2
0
0
211
28
66
0
0
269
215
0
36
246
149
0
221
1
179
0
0
9
0
167
42
0
175
157
0
201
0
0
214
177
253
0
0
0
13
0
127
187
26
0
0
0
0
230
61
0
63
0
191
0
0
0
173
23
8
19
239
161
170
0
176
0
163
202
0
0
0
0
41
236
204
160
1
23
26
16
178
0
123
228
0
0
154
162
0
187
0
0
0
0
199
0
4
0
83
0
227
64
0
184
0
225
222
0
0
171
0
150
85
0
82
0
0
194
40
127
128
0
0
12
187
0
231
6
263
0
82
161
0
0
59
102
0
0
0
0
0
207
25
121
0
206
7
2
0
246
120
0
89
0
63
252
69
261
40
51
52
96
0
0
0
10
143
141
62
0
0
0
43
224
0
190
174
0
243
38
15
230
1
0
138
0
143
0
2
172
76
15
0
135
0
110
220
155
43
89
0
164
148
177
79
253
190
121
85
0
0
166
167
41
0
0
0
152
103
200
97
0
226
194
0
152
70
103
0
145
0
0
93
0
24
0
171
178
0
147
0
156
206
154
127
152
79
171
0
168
0
0
0
0
0
0
0
38
0
0
0
169
85
111
263
140
0
84
0
0
8
6
1
42
0
217
233
1
140
2
193
232
32
32
140
0
131
112
211
219
0
0
208
0
275
247
258
9
0
0
15
0
210
0
112
0
231
110
0
0
95
256
42
169
35
3
14
160
32
116
206
51
99
0
245
65
84
44
211
116
206
14
0
0
1
114
57
179
240
25
0
171
125
215
164
43
8
0
0
0
255
0
268
110
0
20
75
86
203
0
8
0
0
184
0
157
167
68
0
0
0
139
106
0
205
143
240
0
174
0
58
40
0
1
0
188
37
0
0
187
204
0
228
149
0
157
203
11
164
0
0
87
250
70
0
0
167
159
0
122
130
193
203
0
0
167
161
0
166
0
14
176
0
0
0
193
152
0
0
128
160
215
228
194
1
0
203
22
0
2
0
116
0
254
0
158
230
80
0
230
190
194
0
0
240
0
201
36
62
221
0
106
260
0
23
0
190
0
222
0
0
186
34
103
152
174
0
18
205
1
177
33
0
0
178
0
0
166
272
144
91
187
98
70
61
102
216
202
185
114
128
100
151
0
26
225
151
191
213
0
0
0
0
218
116
0
0
127
0
0
105
0
0
1
0
15
87
1
0
0
136
210
0
0
0
245
0
127
16
0
0
112
0
0
187
130
0
119
67
0
0
212
191
169
71
0
3
249
269
4
234
0
187
4
0
0
0
237
4
128
0
244
197
20
257
97
156
0
0
0
34
179
0
122
0
165
231
238
2
149
128
2
13
0
0
136
0
155
0
190
0
0
0
0
145
187
110
0
256
0
0
0
11
0
245
81
55
