1346
1284
1354
1298
1344
1325
1275
1315
1236
1385
1287
1323
1299
1295
1262
1286
1331
1288
1279
1277
1274
1268
1296
1279
1266
1291
1273
1297
1353
1232
1343
1305
1228
1350
1305
1299
1323
1230
1227
1315
1276
1332
1278
1340
1290
1261
1293
1249
1253
1330
1306
1305
1316
1271
1276
1292
1256
1317
1194
1302
1315
1263
1380
1320
1259
1277
1240
1317
1228
1350
1239
1243
1279
1252
1350
1276
1284
1311
1282
1354
1274
1287
1323
1298
1359
1303
1347
1285
1275
1279
1278
1309
1285
1211
1338
1336
1313
1271
1308
1328
